0.0, 1.0, 0.1, 0.1, 8.0, SKS, 1, TW0001
0.0, 1.0, 0.1, 0.1, 8.0, SKS, 1, TW0002
0.0, 1.0, 0.1, 0.1, 8.0, SKS, 1, TW0003
0.0, 1.0, 0.1, 0.1, 8.0, SKS, 1, TW0004
0.0, 1.0, 0.1, 0.1, 8.0, SKS, 1, TW0005
0.0, 1.0, 0.1, 0.1, 8.0, SKS, 1, TW0006
0.0, 1.0, 0.1, 0.1, 8.0, SKS, 1, TW0007
0.0, 1.0, 0.1, 0.1, 8.0, SKS, 1, TW0008
0.0, 1.0, 0.1, 0.1, 8.0, SKS, 1, TW0009
0.0, 1.0, 0.1, 0.1, 8.0, SKS, 1, TW0010
0.0, 1.0, 0.1, 0.1, 8.0, SKS, 1, TW0011
0.0, 1.0, 0.1, 0.1, 8.0, SKS, 1, TW0012
0.0, 1.0, 0.1, 0.1, 8.0, SKS, 1, TW0013
0.0, 1.0, 0.1, 0.1, 8.0, SKS, 1, TW0014
0.0, 1.0, 0.1, 0.1, 8.0, SKS, 1, TW0015
0.0, 1.0, 0.1, 0.1, 8.0, SKS, 1, TW0016
0.0, 1.0, 0.1, 0.1, 8.0, SKS, 1, TW0017
0.0, 1.0, 0.1, 0.1, 8.0, SKS, 1, TW0018
0.0, 1.0, 0.1, 0.1, 8.0, SKS, 1, TW0019
0.0, 1.0, 0.1, 0.1, 8.0, SKS, 1, TW0020
0.0, 1.0, 0.1, 0.1, 8.0, SKS, 1, TW0021
0.0, 1.0, 0.1, 0.1, 8.0, SKS, 1, TW0022
0.0, 1.0, 0.1, 0.1, 8.0, SKS, 1, TW0023
0.0, 1.0, 0.1, 0.1, 8.0, SKS, 1, TW0024
0.0, 1.0, 0.1, 0.1, 8.0, SKS, 1, TW0025
0.0, 1.0, 0.1, 0.1, 8.0, SKS, 1, TW0026
0.0, 1.0, 0.1, 0.1, 8.0, SKS, 1, TW0027
0.0, 1.0, 0.1, 0.1, 8.0, SKS, 1, TW0028
0.0, 1.0, 0.1, 0.1, 8.0, SKS, 1, TW0029
0.0, 1.0, 0.1, 0.1, 8.0, SKS, 1, TW0030
0.0, 1.0, 0.1, 0.1, 8.0, SKS, 1, TW0031
0.0, 1.0, 0.1, 0.1, 8.0, SKS, 1, TW0032
0.0, 1.0, 0.1, 0.1, 8.0, SKS, 1, TW0033
0.0, 1.0, 0.1, 0.1, 8.0, SKS, 1, TW0034
0.0, 1.0, 0.1, 0.1, 8.0, SKS, 1, TW0035
0.0, 1.0, 0.1, 0.1, 8.0, SKS, 1, TW0036
0.0, 1.0, 0.1, 0.1, 8.0, SKS, 1, TW0037
0.0, 1.0, 0.1, 0.1, 8.0, SKS, 1, TW0038
0.0, 1.0, 0.1, 0.1, 8.0, SKS, 1, TW0039
0.0, 1.0, 0.1, 0.1, 8.0, SKS, 1, TW0040
0.0, 1.0, 0.1, 0.1, 8.0, SKS, 1, TW0041
0.0, 1.0, 0.1, 0.1, 8.0, SKS, 1, TW0042
0.0, 1.0, 0.1, 0.1, 8.0, SKS, 1, TW0043
0.0, 1.0, 0.1, 0.1, 8.0, SKS, 1, TW0044
0.0, 1.0, 0.1, 0.1, 8.0, SKS, 1, TW0045
0.0, 1.0, 0.1, 0.1, 8.0, SKS, 1, TW0046
0.0, 1.0, 0.1, 0.1, 8.0, SKS, 1, TW0047
0.0, 1.0, 0.1, 0.1, 8.0, SKS, 1, TW0048
0.0, 1.0, 0.1, 0.1, 8.0, SKS, 1, TW0049
0.0, 1.0, 0.1, 0.1, 8.0, SKS, 1, TW0050
0.0, 1.0, 0.1, 0.1, 8.0, SKS, 1, TW0051
0.0, 1.0, 0.1, 0.1, 8.0, SKS, 1, TW0052
0.0, 1.0, 0.1, 0.1, 8.0, SKS, 1, TW0053
0.0, 1.0, 0.1, 0.1, 8.0, SKS, 1, TW0054
0.0, 1.0, 0.1, 0.1, 8.0, SKS, 1, TW0055
0.0, 1.0, 0.1, 0.1, 8.0, SKS, 1, TW0056
0.0, 1.0, 0.1, 0.1, 8.0, SKS, 1, TW0057
0.0, 1.0, 0.1, 0.1, 8.0, SKS, 1, TW0058
0.0, 1.0, 0.1, 0.1, 8.0, SKS, 1, TW0059
0.0, 1.0, 0.1, 0.1, 8.0, SKS, 1, TW0060
0.0, 1.0, 0.1, 0.1, 8.0, SKS, 1, TW0061
0.0, 1.0, 0.1, 0.1, 8.0, SKS, 1, TW0062
0.0, 1.0, 0.1, 0.1, 8.0, SKS, 1, TW0063
0.0, 1.0, 0.1, 0.1, 8.0, SKS, 1, TW0064
0.0, 1.0, 0.1, 0.1, 8.0, SKS, 1, TW0065
0.0, 1.0, 0.1, 0.1, 8.0, SKS, 1, TW0066
0.0, 1.0, 0.1, 0.1, 8.0, SKS, 1, TW0067
0.0, 1.0, 0.1, 0.1, 8.0, SKS, 1, TW0068
0.0, 1.0, 0.1, 0.1, 8.0, SKS, 1, TW0069
0.0, 1.0, 0.1, 0.1, 8.0, SKS, 1, TW0070
0.0, 1.0, 0.1, 0.1, 8.0, SKS, 1, TW0071
0.0, 1.0, 0.1, 0.1, 8.0, SKS, 1, TW0072
0.0, 1.0, 0.1, 0.1, 8.0, SKS, 1, TW0073
0.0, 1.0, 0.1, 0.1, 8.0, SKS, 1, TW0074
0.0, 1.0, 0.1, 0.1, 8.0, SKS, 1, TW0075
0.0, 1.0, 0.1, 0.1, 8.0, SKS, 1, TW0076
0.0, 1.0, 0.1, 0.1, 8.0, SKS, 1, TW0077
0.0, 1.0, 0.1, 0.1, 8.0, SKS, 1, TW0078
0.0, 1.0, 0.1, 0.1, 8.0, SKS, 1, TW0079
0.0, 1.0, 0.1, 0.1, 8.0, SKS, 1, TW0080
0.0, 1.0, 0.1, 0.1, 8.0, SKS, 1, TW0081
0.0, 1.0, 0.1, 0.1, 8.0, SKS, 1, TW0082
0.0, 1.0, 0.1, 0.1, 8.0, SKS, 1, TW0083
0.0, 1.0, 0.1, 0.1, 8.0, SKS, 1, TW0084
0.0, 1.0, 0.1, 0.1, 8.0, SKS, 1, TW0085
0.0, 1.0, 0.1, 0.1, 8.0, SKS, 1, TW0086
0.0, 1.0, 0.1, 0.1, 8.0, SKS, 1, TW0087
0.0, 1.0, 0.1, 0.1, 8.0, SKS, 1, TW0088
0.0, 1.0, 0.1, 0.1, 8.0, SKS, 1, TW0089
0.0, 1.0, 0.1, 0.1, 8.0, SKS, 1, TW0090
0.0, 1.0, 0.1, 0.1, 8.0, SKS, 1, TW0091
0.0, 1.0, 0.1, 0.1, 8.0, SKS, 1, TW0092
0.0, 1.0, 0.1, 0.1, 8.0, SKS, 1, TW0093
0.0, 1.0, 0.1, 0.1, 8.0, SKS, 1, TW0094
0.0, 1.0, 0.1, 0.1, 8.0, SKS, 1, TW0095
0.0, 1.0, 0.1, 0.1, 8.0, SKS, 1, TW0096
0.0, 1.0, 0.1, 0.1, 8.0, SKS, 1, TW0097
0.0, 1.0, 0.1, 0.1, 8.0, SKS, 1, TW0098
0.0, 1.0, 0.1, 0.1, 8.0, SKS, 1, TW0099
0.0, 1.0, 0.1, 0.1, 8.0, SKS, 1, TW0100
0.0, 1.0, 0.1, 0.1, 8.0, SKS, 1, TW0101
0.0, 1.0, 0.1, 0.1, 8.0, SKS, 1, TW0102
0.0, 1.0, 0.1, 0.1, 8.0, SKS, 1, TW0103
0.0, 1.0, 0.1, 0.1, 8.0, SKS, 1, TW0104
0.0, 1.0, 0.1, 0.1, 8.0, SKS, 1, TW0105
0.0, 1.0, 0.1, 0.1, 8.0, SKS, 1, TW0106
0.0, 1.0, 0.1, 0.1, 8.0, SKS, 1, TW0107
0.0, 1.0, 0.1, 0.1, 8.0, SKS, 1, TW0108
0.0, 1.0, 0.1, 0.1, 8.0, SKS, 1, TW0109
0.0, 1.0, 0.1, 0.1, 8.0, SKS, 1, TW0110
0.0, 1.0, 0.1, 0.1, 8.0, SKS, 1, TW0111
0.0, 1.0, 0.1, 0.1, 8.0, SKS, 1, TW0112
0.0, 1.0, 0.1, 0.1, 8.0, SKS, 1, TW0113
0.0, 1.0, 0.1, 0.1, 8.0, SKS, 1, TW0114
0.0, 1.0, 0.1, 0.1, 8.0, SKS, 1, TW0115
0.0, 1.0, 0.1, 0.1, 8.0, SKS, 1, TW0116
0.0, 1.0, 0.1, 0.1, 8.0, SKS, 1, TW0117
0.0, 1.0, 0.1, 0.1, 8.0, SKS, 1, TW0118
0.0, 1.0, 0.1, 0.1, 8.0, SKS, 1, TW0119
0.0, 1.0, 0.1, 0.1, 8.0, SKS, 1, TW0120
0.0, 1.0, 0.1, 0.1, 8.0, SKS, 1, TW0121
0.0, 1.0, 0.1, 0.1, 8.0, SKS, 1, TW0122
0.0, 1.0, 0.1, 0.1, 8.0, SKS, 1, TW0123
0.0, 1.0, 0.1, 0.1, 8.0, SKS, 1, TW0124
0.0, 1.0, 0.1, 0.1, 8.0, SKS, 1, TW0125
0.0, 1.0, 0.1, 0.1, 8.0, SKS, 1, TW0126
0.0, 1.0, 0.1, 0.1, 8.0, SKS, 1, TW0127
0.0, 1.0, 0.1, 0.1, 8.0, SKS, 1, TW0128
0.0, 1.0, 0.1, 0.1, 8.0, SKS, 1, TW0129
0.0, 1.0, 0.1, 0.1, 8.0, SKS, 1, TW0130
0.0, 1.0, 0.1, 0.1, 8.0, SKS, 1, TW0131
0.0, 1.0, 0.1, 0.1, 8.0, SKS, 1, TW0132
0.0, 1.0, 0.1, 0.1, 8.0, SKS, 1, TW0133
0.0, 1.0, 0.1, 0.1, 8.0, SKS, 1, TW0134
0.0, 1.0, 0.1, 0.1, 8.0, SKS, 1, TW0135
0.0, 1.0, 0.1, 0.1, 8.0, SKS, 1, TW0136
0.0, 1.0, 0.1, 0.1, 8.0, SKS, 1, TW0137
0.0, 1.0, 0.1, 0.1, 8.0, SKS, 1, TW0138
0.0, 1.0, 0.1, 0.1, 8.0, SKS, 1, TW0139
0.0, 1.0, 0.1, 0.1, 8.0, SKS, 1, TW0140
0.0, 1.0, 0.1, 0.1, 8.0, SKS, 1, TW0141
0.0, 1.0, 0.1, 0.1, 8.0, SKS, 1, TW0142
0.0, 1.0, 0.1, 0.1, 8.0, SKS, 1, TW0143
0.0, 1.0, 0.1, 0.1, 8.0, SKS, 1, TW0144
0.0, 1.0, 0.1, 0.1, 8.0, SKS, 1, TW0145
0.0, 1.0, 0.1, 0.1, 8.0, SKS, 1, TW0146
0.0, 1.0, 0.1, 0.1, 8.0, SKS, 1, TW0147
0.0, 1.0, 0.1, 0.1, 8.0, SKS, 1, TW0148
0.0, 1.0, 0.1, 0.1, 8.0, SKS, 1, TW0149
0.0, 1.0, 0.1, 0.1, 8.0, SKS, 1, TW0150
0.0, 1.0, 0.1, 0.1, 8.0, SKS, 1, TW0151
0.0, 1.0, 0.1, 0.1, 8.0, SKS, 1, TW0152
0.0, 1.0, 0.1, 0.1, 8.0, SKS, 1, TW0153
0.0, 1.0, 0.1, 0.1, 8.0, SKS, 1, TW0154
0.0, 1.0, 0.1, 0.1, 8.0, SKS, 1, TW0155
0.0, 1.0, 0.1, 0.1, 8.0, SKS, 1, TW0156
0.0, 1.0, 0.1, 0.1, 8.0, SKS, 1, TW0157
0.0, 1.0, 0.1, 0.1, 8.0, SKS, 1, TW0158
0.0, 1.0, 0.1, 0.1, 8.0, SKS, 1, TW0159
0.0, 1.0, 0.1, 0.1, 8.0, SKS, 1, TW0160
0.0, 1.0, 0.1, 0.1, 8.0, SKS, 1, TW0161
0.0, 1.0, 0.1, 0.1, 8.0, SKS, 1, TW0162
0.0, 1.0, 0.1, 0.1, 8.0, SKS, 1, TW0163
0.0, 1.0, 0.1, 0.1, 8.0, SKS, 1, TW0164
0.0, 1.0, 0.1, 0.1, 8.0, SKS, 1, TW0165
0.0, 1.0, 0.1, 0.1, 8.0, SKS, 1, TW0166
0.0, 1.0, 0.1, 0.1, 8.0, SKS, 1, TW0167
0.0, 1.0, 0.1, 0.1, 8.0, SKS, 1, TW0168
0.0, 1.0, 0.1, 0.1, 8.0, SKS, 1, TW0169
0.0, 1.0, 0.1, 0.1, 8.0, SKS, 1, TW0170
0.0, 1.0, 0.1, 0.1, 8.0, SKS, 1, TW0171
0.0, 1.0, 0.1, 0.1, 8.0, SKS, 1, TW0172
0.0, 1.0, 0.1, 0.1, 8.0, SKS, 1, TW0173
0.0, 1.0, 0.1, 0.1, 8.0, SKS, 1, TW0174
0.0, 1.0, 0.1, 0.1, 8.0, SKS, 1, TW0175
0.0, 1.0, 0.1, 0.1, 8.0, SKS, 1, TW0176
0.0, 1.0, 0.1, 0.1, 8.0, SKS, 1, TW0177
0.0, 1.0, 0.1, 0.1, 8.0, SKS, 1, TW0178
0.0, 1.0, 0.1, 0.1, 8.0, SKS, 1, TW0179
0.0, 1.0, 0.1, 0.1, 8.0, SKS, 1, TW0180
0.0, 1.0, 0.1, 0.1, 8.0, SKS, 1, TW0181
0.0, 1.0, 0.1, 0.1, 8.0, SKS, 1, TW0182
0.0, 1.0, 0.1, 0.1, 8.0, SKS, 1, TW0183
0.0, 1.0, 0.1, 0.1, 8.0, SKS, 1, TW0184
0.0, 1.0, 0.1, 0.1, 8.0, SKS, 1, TW0185
0.0, 1.0, 0.1, 0.1, 8.0, SKS, 1, TW0186
0.0, 1.0, 0.1, 0.1, 8.0, SKS, 1, TW0187
0.0, 1.0, 0.1, 0.1, 8.0, SKS, 1, TW0188
0.0, 1.0, 0.1, 0.1, 8.0, SKS, 1, TW0189
0.0, 1.0, 0.1, 0.1, 8.0, SKS, 1, TW0190
0.0, 1.0, 0.1, 0.1, 8.0, SKS, 1, TW0191
0.0, 1.0, 0.1, 0.1, 8.0, SKS, 1, TW0192
0.0, 1.0, 0.1, 0.1, 8.0, SKS, 1, TW0193
0.0, 1.0, 0.1, 0.1, 8.0, SKS, 1, TW0194
0.0, 1.0, 0.1, 0.1, 8.0, SKS, 1, TW0195
0.0, 1.0, 0.1, 0.1, 8.0, SKS, 1, TW0196
0.0, 1.0, 0.1, 0.1, 8.0, SKS, 1, TW0197
0.0, 1.0, 0.1, 0.1, 8.0, SKS, 1, TW0198
0.0, 1.0, 0.1, 0.1, 8.0, SKS, 1, TW0199
0.0, 1.0, 0.1, 0.1, 8.0, SKS, 1, TW0200
0.0, 1.0, 0.1, 0.1, 8.0, SKS, 1, TW0201
0.0, 1.0, 0.1, 0.1, 8.0, SKS, 1, TW0202
0.0, 1.0, 0.1, 0.1, 8.0, SKS, 1, TW0203
0.0, 1.0, 0.1, 0.1, 8.0, SKS, 1, TW0204
0.0, 1.0, 0.1, 0.1, 8.0, SKS, 1, TW0205
0.0, 1.0, 0.1, 0.1, 8.0, SKS, 1, TW0206
0.0, 1.0, 0.1, 0.1, 8.0, SKS, 1, TW0207
0.0, 1.0, 0.1, 0.1, 8.0, SKS, 1, TW0208
0.0, 1.0, 0.1, 0.1, 8.0, SKS, 1, TW0209
0.0, 1.0, 0.1, 0.1, 8.0, SKS, 1, TW0210
0.0, 1.0, 0.1, 0.1, 8.0, SKS, 1, TW0211
0.0, 1.0, 0.1, 0.1, 8.0, SKS, 1, TW0212
0.0, 1.0, 0.1, 0.1, 8.0, SKS, 1, TW0213
0.0, 1.0, 0.1, 0.1, 8.0, SKS, 1, TW0214
0.0, 1.0, 0.1, 0.1, 8.0, SKS, 1, TW0215
0.0, 1.0, 0.1, 0.1, 8.0, SKS, 1, TW0216
0.0, 1.0, 0.1, 0.1, 8.0, SKS, 1, TW0217
0.0, 1.0, 0.1, 0.1, 8.0, SKS, 1, TW0218
0.0, 1.0, 0.1, 0.1, 8.0, SKS, 1, TW0219
0.0, 1.0, 0.1, 0.1, 8.0, SKS, 1, TW0220
0.0, 1.0, 0.1, 0.1, 8.0, SKS, 1, TW0221
0.0, 1.0, 0.1, 0.1, 8.0, SKS, 1, TW0222
0.0, 1.0, 0.1, 0.1, 8.0, SKS, 1, TW0223
0.0, 1.0, 0.1, 0.1, 8.0, SKS, 1, TW0224
0.0, 1.0, 0.1, 0.1, 8.0, SKS, 1, TW0225
0.0, 1.0, 0.1, 0.1, 8.0, SKS, 1, TW0226
0.0, 1.0, 0.1, 0.1, 8.0, SKS, 1, TW0227
0.0, 1.0, 0.1, 0.1, 8.0, SKS, 1, TW0228
0.0, 1.0, 0.1, 0.1, 8.0, SKS, 1, TW0229
0.0, 1.0, 0.1, 0.1, 8.0, SKS, 1, TW0230
0.0, 1.0, 0.1, 0.1, 8.0, SKS, 1, TW0231
0.0, 1.0, 0.1, 0.1, 8.0, SKS, 1, TW0232
0.0, 1.0, 0.1, 0.1, 8.0, SKS, 1, TW0233
0.0, 1.0, 0.1, 0.1, 8.0, SKS, 1, TW0234
0.0, 1.0, 0.1, 0.1, 8.0, SKS, 1, TW0235
0.0, 1.0, 0.1, 0.1, 8.0, SKS, 1, TW0236
0.0, 1.0, 0.1, 0.1, 8.0, SKS, 1, TW0237
0.0, 1.0, 0.1, 0.1, 8.0, SKS, 1, TW0238
0.0, 1.0, 0.1, 0.1, 8.0, SKS, 1, TW0239
0.0, 1.0, 0.1, 0.1, 8.0, SKS, 1, TW0240
0.0, 1.0, 0.1, 0.1, 8.0, SKS, 1, TW0241
0.0, 1.0, 0.1, 0.1, 8.0, SKS, 1, TW0242
0.0, 1.0, 0.1, 0.1, 8.0, SKS, 1, TW0243
0.0, 1.0, 0.1, 0.1, 8.0, SKS, 1, TW0244
0.0, 1.0, 0.1, 0.1, 8.0, SKS, 1, TW0245
0.0, 1.0, 0.1, 0.1, 8.0, SKS, 1, TW0246
0.0, 1.0, 0.1, 0.1, 8.0, SKS, 1, TW0247
0.0, 1.0, 0.1, 0.1, 8.0, SKS, 1, TW0248
0.0, 1.0, 0.1, 0.1, 8.0, SKS, 1, TW0249
0.0, 1.0, 0.1, 0.1, 8.0, SKS, 1, TW0250
0.0, 1.0, 0.1, 0.1, 8.0, SKS, 1, TW0251
0.0, 1.0, 0.1, 0.1, 8.0, SKS, 1, TW0252
0.0, 1.0, 0.1, 0.1, 8.0, SKS, 1, TW0253
0.0, 1.0, 0.1, 0.1, 8.0, SKS, 1, TW0254
0.0, 1.0, 0.1, 0.1, 8.0, SKS, 1, TW0255
0.0, 1.0, 0.1, 0.1, 8.0, SKS, 1, TW0256
0.0, 1.0, 0.1, 0.1, 8.0, SKS, 1, TW0257
0.0, 1.0, 0.1, 0.1, 8.0, SKS, 1, TW0258
0.0, 1.0, 0.1, 0.1, 8.0, SKS, 1, TW0259
0.0, 1.0, 0.1, 0.1, 8.0, SKS, 1, TW0260
0.0, 1.0, 0.1, 0.1, 8.0, SKS, 1, TW0261
0.0, 1.0, 0.1, 0.1, 8.0, SKS, 1, TW0262
0.0, 1.0, 0.1, 0.1, 8.0, SKS, 1, TW0263
0.0, 1.0, 0.1, 0.1, 8.0, SKS, 1, TW0264
0.0, 1.0, 0.1, 0.1, 8.0, SKS, 1, TW0265
0.0, 1.0, 0.1, 0.1, 8.0, SKS, 1, TW0266
0.0, 1.0, 0.1, 0.1, 8.0, SKS, 1, TW0267
0.0, 1.0, 0.1, 0.1, 8.0, SKS, 1, TW0268
0.0, 1.0, 0.1, 0.1, 8.0, SKS, 1, TW0269
0.0, 1.0, 0.1, 0.1, 8.0, SKS, 1, TW0270
0.0, 1.0, 0.1, 0.1, 8.0, SKS, 1, TW0271
0.0, 1.0, 0.1, 0.1, 8.0, SKS, 1, TW0272
0.0, 1.0, 0.1, 0.1, 8.0, SKS, 1, TW0273
0.0, 1.0, 0.1, 0.1, 8.0, SKS, 1, TW0274
0.0, 1.0, 0.1, 0.1, 8.0, SKS, 1, TW0275
0.0, 1.0, 0.1, 0.1, 8.0, SKS, 1, TW0276
0.0, 1.0, 0.1, 0.1, 8.0, SKS, 1, TW0277
0.0, 1.0, 0.1, 0.1, 8.0, SKS, 1, TW0278
0.0, 1.0, 0.1, 0.1, 8.0, SKS, 1, TW0279
0.0, 1.0, 0.1, 0.1, 8.0, SKS, 1, TW0280
0.0, 1.0, 0.1, 0.1, 8.0, SKS, 1, TW0281
0.0, 1.0, 0.1, 0.1, 8.0, SKS, 1, TW0282
0.0, 1.0, 0.1, 0.1, 8.0, SKS, 1, TW0283
0.0, 1.0, 0.1, 0.1, 8.0, SKS, 1, TW0284
0.0, 1.0, 0.1, 0.1, 8.0, SKS, 1, TW0285
0.0, 1.0, 0.1, 0.1, 8.0, SKS, 1, TW0286
0.0, 1.0, 0.1, 0.1, 8.0, SKS, 1, TW0287
0.0, 1.0, 0.1, 0.1, 8.0, SKS, 1, TW0288
0.0, 1.0, 0.1, 0.1, 8.0, SKS, 1, TW0289
0.0, 1.0, 0.1, 0.1, 8.0, SKS, 1, TW0290
0.0, 1.0, 0.1, 0.1, 8.0, SKS, 1, TW0291
0.0, 1.0, 0.1, 0.1, 8.0, SKS, 1, TW0292
0.0, 1.0, 0.1, 0.1, 8.0, SKS, 1, TW0293
0.0, 1.0, 0.1, 0.1, 8.0, SKS, 1, TW0294
0.0, 1.0, 0.1, 0.1, 8.0, SKS, 1, TW0295
0.0, 1.0, 0.1, 0.1, 8.0, SKS, 1, TW0296
0.0, 1.0, 0.1, 0.1, 8.0, SKS, 1, TW0297
0.0, 1.0, 0.1, 0.1, 8.0, SKS, 1, TW0298
0.0, 1.0, 0.1, 0.1, 8.0, SKS, 1, TW0299
0.0, 1.0, 0.1, 0.1, 8.0, SKS, 1, TW0300
0.0, 1.0, 0.1, 0.1, 8.0, SKS, 1, TW0301
0.0, 1.0, 0.1, 0.1, 8.0, SKS, 1, TW0302
0.0, 1.0, 0.1, 0.1, 8.0, SKS, 1, TW0303
0.0, 1.0, 0.1, 0.1, 8.0, SKS, 1, TW0304
0.0, 1.0, 0.1, 0.1, 8.0, SKS, 1, TW0305
0.0, 1.0, 0.1, 0.1, 8.0, SKS, 1, TW0306
0.0, 1.0, 0.1, 0.1, 8.0, SKS, 1, TW0307
0.0, 1.0, 0.1, 0.1, 8.0, SKS, 1, TW0308
0.0, 1.0, 0.1, 0.1, 8.0, SKS, 1, TW0309
0.0, 1.0, 0.1, 0.1, 8.0, SKS, 1, TW0310
0.0, 1.0, 0.1, 0.1, 8.0, SKS, 1, TW0311
0.0, 1.0, 0.1, 0.1, 8.0, SKS, 1, TW0312
0.0, 1.0, 0.1, 0.1, 8.0, SKS, 1, TW0313
0.0, 1.0, 0.1, 0.1, 8.0, SKS, 1, TW0314
0.0, 1.0, 0.1, 0.1, 8.0, SKS, 1, TW0315
0.0, 1.0, 0.1, 0.1, 8.0, SKS, 1, TW0316
0.0, 1.0, 0.1, 0.1, 8.0, SKS, 1, TW0317
0.0, 1.0, 0.1, 0.1, 8.0, SKS, 1, TW0318
0.0, 1.0, 0.1, 0.1, 8.0, SKS, 1, TW0319
0.0, 1.0, 0.1, 0.1, 8.0, SKS, 1, TW0320
0.0, 1.0, 0.1, 0.1, 8.0, SKS, 1, TW0321
0.0, 1.0, 0.1, 0.1, 8.0, SKS, 1, TW0322
0.0, 1.0, 0.1, 0.1, 8.0, SKS, 1, TW0323
0.0, 1.0, 0.1, 0.1, 8.0, SKS, 1, TW0324
0.0, 1.0, 0.1, 0.1, 8.0, SKS, 1, TW0325
0.0, 1.0, 0.1, 0.1, 8.0, SKS, 1, TW0326
0.0, 1.0, 0.1, 0.1, 8.0, SKS, 1, TW0327
0.0, 1.0, 0.1, 0.1, 8.0, SKS, 1, TW0328
0.0, 1.0, 0.1, 0.1, 8.0, SKS, 1, TW0329
0.0, 1.0, 0.1, 0.1, 8.0, SKS, 1, TW0330
0.0, 1.0, 0.1, 0.1, 8.0, SKS, 1, TW0331
0.0, 1.0, 0.1, 0.1, 8.0, SKS, 1, TW0332
0.0, 1.0, 0.1, 0.1, 8.0, SKS, 1, TW0333
0.0, 1.0, 0.1, 0.1, 8.0, SKS, 1, TW0334
0.0, 1.0, 0.1, 0.1, 8.0, SKS, 1, TW0335
0.0, 1.0, 0.1, 0.1, 8.0, SKS, 1, TW0336
0.0, 1.0, 0.1, 0.1, 8.0, SKS, 1, TW0337
0.0, 1.0, 0.1, 0.1, 8.0, SKS, 1, TW0338
0.0, 1.0, 0.1, 0.1, 8.0, SKS, 1, TW0339
0.0, 1.0, 0.1, 0.1, 8.0, SKS, 1, TW0340
0.0, 1.0, 0.1, 0.1, 8.0, SKS, 1, TW0341
0.0, 1.0, 0.1, 0.1, 8.0, SKS, 1, TW0342
0.0, 1.0, 0.1, 0.1, 8.0, SKS, 1, TW0343
0.0, 1.0, 0.1, 0.1, 8.0, SKS, 1, TW0344
0.0, 1.0, 0.1, 0.1, 8.0, SKS, 1, TW0345
0.0, 1.0, 0.1, 0.1, 8.0, SKS, 1, TW0346
0.0, 1.0, 0.1, 0.1, 8.0, SKS, 1, TW0347
0.0, 1.0, 0.1, 0.1, 8.0, SKS, 1, TW0348
0.0, 1.0, 0.1, 0.1, 8.0, SKS, 1, TW0349
0.0, 1.0, 0.1, 0.1, 8.0, SKS, 1, TW0350
0.0, 1.0, 0.1, 0.1, 8.0, SKS, 1, TW0351
0.0, 1.0, 0.1, 0.1, 8.0, SKS, 1, TW0352
0.0, 1.0, 0.1, 0.1, 8.0, SKS, 1, TW0353
0.0, 1.0, 0.1, 0.1, 8.0, SKS, 1, TW0354
0.0, 1.0, 0.1, 0.1, 8.0, SKS, 1, TW0355
0.0, 1.0, 0.1, 0.1, 8.0, SKS, 1, TW0356
0.0, 1.0, 0.1, 0.1, 8.0, SKS, 1, TW0357
0.0, 1.0, 0.1, 0.1, 8.0, SKS, 1, TW0358
0.0, 1.0, 0.1, 0.1, 8.0, SKS, 1, TW0359
0.0, 1.0, 0.1, 0.1, 8.0, SKS, 1, TW0360
0.0, 1.0, 0.1, 0.1, 8.0, SKS, 1, TW0361
0.0, 1.0, 0.1, 0.1, 8.0, SKS, 1, TW0362
0.0, 1.0, 0.1, 0.1, 8.0, SKS, 1, TW0363
0.0, 1.0, 0.1, 0.1, 8.0, SKS, 1, TW0364
0.0, 1.0, 0.1, 0.1, 8.0, SKS, 1, TW0365
0.0, 1.0, 0.1, 0.1, 8.0, SKS, 1, TW0366
0.0, 1.0, 0.1, 0.1, 8.0, SKS, 1, TW0367
0.0, 1.0, 0.1, 0.1, 8.0, SKS, 1, TW0368
0.0, 1.0, 0.1, 0.1, 8.0, SKS, 1, TW0369
0.0, 1.0, 0.1, 0.1, 8.0, SKS, 1, TW0370
0.0, 1.0, 0.1, 0.1, 8.0, SKS, 1, TW0371
0.0, 1.0, 0.1, 0.1, 8.0, SKS, 1, TW0372
0.0, 1.0, 0.1, 0.1, 8.0, SKS, 1, TW0373
0.0, 1.0, 0.1, 0.1, 8.0, SKS, 1, TW0374
0.0, 1.0, 0.1, 0.1, 8.0, SKS, 1, TW0375
0.0, 1.0, 0.1, 0.1, 8.0, SKS, 1, TW0376
0.0, 1.0, 0.1, 0.1, 8.0, SKS, 1, TW0377
0.0, 1.0, 0.1, 0.1, 8.0, SKS, 1, TW0378
0.0, 1.0, 0.1, 0.1, 8.0, SKS, 1, TW0379
0.0, 1.0, 0.1, 0.1, 8.0, SKS, 1, TW0380
0.0, 1.0, 0.1, 0.1, 8.0, SKS, 1, TW0381
0.0, 1.0, 0.1, 0.1, 8.0, SKS, 1, TW0382
0.0, 1.0, 0.1, 0.1, 8.0, SKS, 1, TW0383
0.0, 1.0, 0.1, 0.1, 8.0, SKS, 1, TW0384
0.0, 1.0, 0.1, 0.1, 8.0, SKS, 1, TW0385
0.0, 1.0, 0.1, 0.1, 8.0, SKS, 1, TW0386
0.0, 1.0, 0.1, 0.1, 8.0, SKS, 1, TW0387
0.0, 1.0, 0.1, 0.1, 8.0, SKS, 1, TW0388
0.0, 1.0, 0.1, 0.1, 8.0, SKS, 1, TW0389
0.0, 1.0, 0.1, 0.1, 8.0, SKS, 1, TW0390
0.0, 1.0, 0.1, 0.1, 8.0, SKS, 1, TW0391
0.0, 1.0, 0.1, 0.1, 8.0, SKS, 1, TW0392
0.0, 1.0, 0.1, 0.1, 8.0, SKS, 1, TW0393
0.0, 1.0, 0.1, 0.1, 8.0, SKS, 1, TW0394
0.0, 1.0, 0.1, 0.1, 8.0, SKS, 1, TW0395
0.0, 1.0, 0.1, 0.1, 8.0, SKS, 1, TW0396
0.0, 1.0, 0.1, 0.1, 8.0, SKS, 1, TW0397
0.0, 1.0, 0.1, 0.1, 8.0, SKS, 1, TW0398
0.0, 1.0, 0.1, 0.1, 8.0, SKS, 1, TW0399
0.0, 1.0, 0.1, 0.1, 8.0, SKS, 1, TW0400
0.0, 1.0, 0.1, 0.1, 8.0, SKS, 1, TW0401
0.0, 1.0, 0.1, 0.1, 8.0, SKS, 1, TW0402
0.0, 1.0, 0.1, 0.1, 8.0, SKS, 1, TW0403
0.0, 1.0, 0.1, 0.1, 8.0, SKS, 1, TW0404
0.0, 1.0, 0.1, 0.1, 8.0, SKS, 1, TW0405
0.0, 1.0, 0.1, 0.1, 8.0, SKS, 1, TW0406
0.0, 1.0, 0.1, 0.1, 8.0, SKS, 1, TW0407
0.0, 1.0, 0.1, 0.1, 8.0, SKS, 1, TW0408
0.0, 1.0, 0.1, 0.1, 8.0, SKS, 1, TW0409
0.0, 1.0, 0.1, 0.1, 8.0, SKS, 1, TW0410
0.0, 1.0, 0.1, 0.1, 8.0, SKS, 1, TW0411
0.0, 1.0, 0.1, 0.1, 8.0, SKS, 1, TW0412
0.0, 1.0, 0.1, 0.1, 8.0, SKS, 1, TW0413
0.0, 1.0, 0.1, 0.1, 8.0, SKS, 1, TW0414
0.0, 1.0, 0.1, 0.1, 8.0, SKS, 1, TW0415
0.0, 1.0, 0.1, 0.1, 8.0, SKS, 1, TW0416
0.0, 1.0, 0.1, 0.1, 8.0, SKS, 1, TW0417
0.0, 1.0, 0.1, 0.1, 8.0, SKS, 1, TW0418
0.0, 1.0, 0.1, 0.1, 8.0, SKS, 1, TW0419
0.0, 1.0, 0.1, 0.1, 8.0, SKS, 1, TW0420
0.0, 1.0, 0.1, 0.1, 8.0, SKS, 1, TW0421
0.0, 1.0, 0.1, 0.1, 8.0, SKS, 1, TW0422
0.0, 1.0, 0.1, 0.1, 8.0, SKS, 1, TW0423
0.0, 1.0, 0.1, 0.1, 8.0, SKS, 1, TW0424
0.0, 1.0, 0.1, 0.1, 8.0, SKS, 1, TW0425
0.0, 1.0, 0.1, 0.1, 8.0, SKS, 1, TW0426
0.0, 1.0, 0.1, 0.1, 8.0, SKS, 1, TW0427
0.0, 1.0, 0.1, 0.1, 8.0, SKS, 1, TW0428
0.0, 1.0, 0.1, 0.1, 8.0, SKS, 1, TW0429
0.0, 1.0, 0.1, 0.1, 8.0, SKS, 1, TW0430
0.0, 1.0, 0.1, 0.1, 8.0, SKS, 1, TW0431
0.0, 1.0, 0.1, 0.1, 8.0, SKS, 1, TW0432
0.0, 1.0, 0.1, 0.1, 8.0, SKS, 1, TW0433
0.0, 1.0, 0.1, 0.1, 8.0, SKS, 1, TW0434
0.0, 1.0, 0.1, 0.1, 8.0, SKS, 1, TW0435
0.0, 1.0, 0.1, 0.1, 8.0, SKS, 1, TW0436
0.0, 1.0, 0.1, 0.1, 8.0, SKS, 1, TW0437
0.0, 1.0, 0.1, 0.1, 8.0, SKS, 1, TW0438
0.0, 1.0, 0.1, 0.1, 8.0, SKS, 1, TW0439
0.0, 1.0, 0.1, 0.1, 8.0, SKS, 1, TW0440
0.0, 1.0, 0.1, 0.1, 8.0, SKS, 1, TW0441
0.0, 1.0, 0.1, 0.1, 8.0, SKS, 1, TW0442
0.0, 1.0, 0.1, 0.1, 8.0, SKS, 1, TW0443
0.0, 1.0, 0.1, 0.1, 8.0, SKS, 1, TW0444
0.0, 1.0, 0.1, 0.1, 8.0, SKS, 1, TW0445
0.0, 1.0, 0.1, 0.1, 8.0, SKS, 1, TW0446
0.0, 1.0, 0.1, 0.1, 8.0, SKS, 1, TW0447
0.0, 1.0, 0.1, 0.1, 8.0, SKS, 1, TW0448
0.0, 1.0, 0.1, 0.1, 8.0, SKS, 1, TW0449
0.0, 1.0, 0.1, 0.1, 8.0, SKS, 1, TW0450
0.0, 1.0, 0.1, 0.1, 8.0, SKS, 1, TW0451
0.0, 1.0, 0.1, 0.1, 8.0, SKS, 1, TW0452
0.0, 1.0, 0.1, 0.1, 8.0, SKS, 1, TW0453
0.0, 1.0, 0.1, 0.1, 8.0, SKS, 1, TW0454
0.0, 1.0, 0.1, 0.1, 8.0, SKS, 1, TW0455
0.0, 1.0, 0.1, 0.1, 8.0, SKS, 1, TW0456
0.0, 1.0, 0.1, 0.1, 8.0, SKS, 1, TW0457
0.0, 1.0, 0.1, 0.1, 8.0, SKS, 1, TW0458
0.0, 1.0, 0.1, 0.1, 8.0, SKS, 1, TW0459
0.0, 1.0, 0.1, 0.1, 8.0, SKS, 1, TW0460
0.0, 1.0, 0.1, 0.1, 8.0, SKS, 1, TW0461
0.0, 1.0, 0.1, 0.1, 8.0, SKS, 1, TW0462
0.0, 1.0, 0.1, 0.1, 8.0, SKS, 1, TW0463
0.0, 1.0, 0.1, 0.1, 8.0, SKS, 1, TW0464
0.0, 1.0, 0.1, 0.1, 8.0, SKS, 1, TW0465
0.0, 1.0, 0.1, 0.1, 8.0, SKS, 1, TW0466
0.0, 1.0, 0.1, 0.1, 8.0, SKS, 1, TW0467
0.0, 1.0, 0.1, 0.1, 8.0, SKS, 1, TW0468
0.0, 1.0, 0.1, 0.1, 8.0, SKS, 1, TW0469
0.0, 1.0, 0.1, 0.1, 8.0, SKS, 1, TW0470
0.0, 1.0, 0.1, 0.1, 8.0, SKS, 1, TW0471
0.0, 1.0, 0.1, 0.1, 8.0, SKS, 1, TW0472
0.0, 1.0, 0.1, 0.1, 8.0, SKS, 1, TW0473
0.0, 1.0, 0.1, 0.1, 8.0, SKS, 1, TW0474
0.0, 1.0, 0.1, 0.1, 8.0, SKS, 1, TW0475
0.0, 1.0, 0.1, 0.1, 8.0, SKS, 1, TW0476
0.0, 1.0, 0.1, 0.1, 8.0, SKS, 1, TW0477
0.0, 1.0, 0.1, 0.1, 8.0, SKS, 1, TW0478
0.0, 1.0, 0.1, 0.1, 8.0, SKS, 1, TW0479
0.0, 1.0, 0.1, 0.1, 8.0, SKS, 1, TW0480
0.0, 1.0, 0.1, 0.1, 8.0, SKS, 1, TW0481
0.0, 1.0, 0.1, 0.1, 8.0, SKS, 1, TW0482
0.0, 1.0, 0.1, 0.1, 8.0, SKS, 1, TW0483
0.0, 1.0, 0.1, 0.1, 8.0, SKS, 1, TW0484
0.0, 1.0, 0.1, 0.1, 8.0, SKS, 1, TW0485
0.0, 1.0, 0.1, 0.1, 8.0, SKS, 1, TW0486
0.0, 1.0, 0.1, 0.1, 8.0, SKS, 1, TW0487
0.0, 1.0, 0.1, 0.1, 8.0, SKS, 1, TW0488
0.0, 1.0, 0.1, 0.1, 8.0, SKS, 1, TW0489
0.0, 1.0, 0.1, 0.1, 8.0, SKS, 1, TW0490
0.0, 1.0, 0.1, 0.1, 8.0, SKS, 1, TW0491
0.0, 1.0, 0.1, 0.1, 8.0, SKS, 1, TW0492
0.0, 1.0, 0.1, 0.1, 8.0, SKS, 1, TW0493
0.0, 1.0, 0.1, 0.1, 8.0, SKS, 1, TW0494
0.0, 1.0, 0.1, 0.1, 8.0, SKS, 1, TW0495
0.0, 1.0, 0.1, 0.1, 8.0, SKS, 1, TW0496
0.0, 1.0, 0.1, 0.1, 8.0, SKS, 1, TW0497
0.0, 1.0, 0.1, 0.1, 8.0, SKS, 1, TW0498
0.0, 1.0, 0.1, 0.1, 8.0, SKS, 1, TW0499
0.0, 1.0, 0.1, 0.1, 8.0, SKS, 1, TW0500
0.0, 1.0, 0.1, 0.1, 8.0, SKS, 1, TW0501
0.0, 1.0, 0.1, 0.1, 8.0, SKS, 1, TW0502
0.0, 1.0, 0.1, 0.1, 8.0, SKS, 1, TW0503
0.0, 1.0, 0.1, 0.1, 8.0, SKS, 1, TW0504
0.0, 1.0, 0.1, 0.1, 8.0, SKS, 1, TW0505
0.0, 1.0, 0.1, 0.1, 8.0, SKS, 1, TW0506
0.0, 1.0, 0.1, 0.1, 8.0, SKS, 1, TW0507
0.0, 1.0, 0.1, 0.1, 8.0, SKS, 1, TW0508
0.0, 1.0, 0.1, 0.1, 8.0, SKS, 1, TW0509
0.0, 1.0, 0.1, 0.1, 8.0, SKS, 1, TW0510
0.0, 1.0, 0.1, 0.1, 8.0, SKS, 1, TW0511
0.0, 1.0, 0.1, 0.1, 8.0, SKS, 1, TW0512
0.0, 1.0, 0.1, 0.1, 8.0, SKS, 1, TW0513
0.0, 1.0, 0.1, 0.1, 8.0, SKS, 1, TW0514
0.0, 1.0, 0.1, 0.1, 8.0, SKS, 1, TW0515
0.0, 1.0, 0.1, 0.1, 8.0, SKS, 1, TW0516
0.0, 1.0, 0.1, 0.1, 8.0, SKS, 1, TW0517
0.0, 1.0, 0.1, 0.1, 8.0, SKS, 1, TW0518
0.0, 1.0, 0.1, 0.1, 8.0, SKS, 1, TW0519
0.0, 1.0, 0.1, 0.1, 8.0, SKS, 1, TW0520
0.0, 1.0, 0.1, 0.1, 8.0, SKS, 1, TW0521
0.0, 1.0, 0.1, 0.1, 8.0, SKS, 1, TW0522
0.0, 1.0, 0.1, 0.1, 8.0, SKS, 1, TW0523
0.0, 1.0, 0.1, 0.1, 8.0, SKS, 1, TW0524
0.0, 1.0, 0.1, 0.1, 8.0, SKS, 1, TW0525
0.0, 1.0, 0.1, 0.1, 8.0, SKS, 2, TW0001
0.0, 1.0, 0.1, 0.1, 8.0, SKS, 2, TW0002
0.0, 1.0, 0.1, 0.1, 8.0, SKS, 2, TW0003
0.0, 1.0, 0.1, 0.1, 8.0, SKS, 2, TW0004
0.0, 1.0, 0.1, 0.1, 8.0, SKS, 2, TW0005
0.0, 1.0, 0.1, 0.1, 8.0, SKS, 2, TW0006
0.0, 1.0, 0.1, 0.1, 8.0, SKS, 2, TW0007
0.0, 1.0, 0.1, 0.1, 8.0, SKS, 2, TW0008
0.0, 1.0, 0.1, 0.1, 8.0, SKS, 2, TW0009
0.0, 1.0, 0.1, 0.1, 8.0, SKS, 2, TW0010
0.0, 1.0, 0.1, 0.1, 8.0, SKS, 2, TW0011
0.0, 1.0, 0.1, 0.1, 8.0, SKS, 2, TW0012
0.0, 1.0, 0.1, 0.1, 8.0, SKS, 2, TW0013
0.0, 1.0, 0.1, 0.1, 8.0, SKS, 2, TW0014
0.0, 1.0, 0.1, 0.1, 8.0, SKS, 2, TW0015
0.0, 1.0, 0.1, 0.1, 8.0, SKS, 2, TW0016
0.0, 1.0, 0.1, 0.1, 8.0, SKS, 2, TW0017
0.0, 1.0, 0.1, 0.1, 8.0, SKS, 2, TW0018
0.0, 1.0, 0.1, 0.1, 8.0, SKS, 2, TW0019
0.0, 1.0, 0.1, 0.1, 8.0, SKS, 2, TW0020
0.0, 1.0, 0.1, 0.1, 8.0, SKS, 2, TW0021
0.0, 1.0, 0.1, 0.1, 8.0, SKS, 2, TW0022
0.0, 1.0, 0.1, 0.1, 8.0, SKS, 2, TW0023
0.0, 1.0, 0.1, 0.1, 8.0, SKS, 2, TW0024
0.0, 1.0, 0.1, 0.1, 8.0, SKS, 2, TW0025
0.0, 1.0, 0.1, 0.1, 8.0, SKS, 2, TW0026
0.0, 1.0, 0.1, 0.1, 8.0, SKS, 2, TW0027
0.0, 1.0, 0.1, 0.1, 8.0, SKS, 2, TW0028
0.0, 1.0, 0.1, 0.1, 8.0, SKS, 2, TW0029
0.0, 1.0, 0.1, 0.1, 8.0, SKS, 2, TW0030
0.0, 1.0, 0.1, 0.1, 8.0, SKS, 2, TW0031
0.0, 1.0, 0.1, 0.1, 8.0, SKS, 2, TW0032
0.0, 1.0, 0.1, 0.1, 8.0, SKS, 2, TW0033
0.0, 1.0, 0.1, 0.1, 8.0, SKS, 2, TW0034
0.0, 1.0, 0.1, 0.1, 8.0, SKS, 2, TW0035
0.0, 1.0, 0.1, 0.1, 8.0, SKS, 2, TW0036
0.0, 1.0, 0.1, 0.1, 8.0, SKS, 2, TW0037
0.0, 1.0, 0.1, 0.1, 8.0, SKS, 2, TW0038
0.0, 1.0, 0.1, 0.1, 8.0, SKS, 2, TW0039
0.0, 1.0, 0.1, 0.1, 8.0, SKS, 2, TW0040
0.0, 1.0, 0.1, 0.1, 8.0, SKS, 2, TW0041
0.0, 1.0, 0.1, 0.1, 8.0, SKS, 2, TW0042
0.0, 1.0, 0.1, 0.1, 8.0, SKS, 2, TW0043
0.0, 1.0, 0.1, 0.1, 8.0, SKS, 2, TW0044
0.0, 1.0, 0.1, 0.1, 8.0, SKS, 2, TW0045
0.0, 1.0, 0.1, 0.1, 8.0, SKS, 2, TW0046
0.0, 1.0, 0.1, 0.1, 8.0, SKS, 2, TW0047
0.0, 1.0, 0.1, 0.1, 8.0, SKS, 2, TW0048
0.0, 1.0, 0.1, 0.1, 8.0, SKS, 2, TW0049
0.0, 1.0, 0.1, 0.1, 8.0, SKS, 2, TW0050
0.0, 1.0, 0.1, 0.1, 8.0, SKS, 2, TW0051
0.0, 1.0, 0.1, 0.1, 8.0, SKS, 2, TW0052
0.0, 1.0, 0.1, 0.1, 8.0, SKS, 2, TW0053
0.0, 1.0, 0.1, 0.1, 8.0, SKS, 2, TW0054
0.0, 1.0, 0.1, 0.1, 8.0, SKS, 2, TW0055
0.0, 1.0, 0.1, 0.1, 8.0, SKS, 2, TW0056
0.0, 1.0, 0.1, 0.1, 8.0, SKS, 2, TW0057
0.0, 1.0, 0.1, 0.1, 8.0, SKS, 2, TW0058
0.0, 1.0, 0.1, 0.1, 8.0, SKS, 2, TW0059
0.0, 1.0, 0.1, 0.1, 8.0, SKS, 2, TW0060
0.0, 1.0, 0.1, 0.1, 8.0, SKS, 2, TW0061
0.0, 1.0, 0.1, 0.1, 8.0, SKS, 2, TW0062
0.0, 1.0, 0.1, 0.1, 8.0, SKS, 2, TW0063
0.0, 1.0, 0.1, 0.1, 8.0, SKS, 2, TW0064
0.0, 1.0, 0.1, 0.1, 8.0, SKS, 2, TW0065
0.0, 1.0, 0.1, 0.1, 8.0, SKS, 2, TW0066
0.0, 1.0, 0.1, 0.1, 8.0, SKS, 2, TW0067
0.0, 1.0, 0.1, 0.1, 8.0, SKS, 2, TW0068
0.0, 1.0, 0.1, 0.1, 8.0, SKS, 2, TW0069
0.0, 1.0, 0.1, 0.1, 8.0, SKS, 2, TW0070
0.0, 1.0, 0.1, 0.1, 8.0, SKS, 2, TW0071
0.0, 1.0, 0.1, 0.1, 8.0, SKS, 2, TW0072
0.0, 1.0, 0.1, 0.1, 8.0, SKS, 2, TW0073
0.0, 1.0, 0.1, 0.1, 8.0, SKS, 2, TW0074
0.0, 1.0, 0.1, 0.1, 8.0, SKS, 2, TW0075
0.0, 1.0, 0.1, 0.1, 8.0, SKS, 2, TW0076
0.0, 1.0, 0.1, 0.1, 8.0, SKS, 2, TW0077
0.0, 1.0, 0.1, 0.1, 8.0, SKS, 2, TW0078
0.0, 1.0, 0.1, 0.1, 8.0, SKS, 2, TW0079
0.0, 1.0, 0.1, 0.1, 8.0, SKS, 2, TW0080
0.0, 1.0, 0.1, 0.1, 8.0, SKS, 2, TW0081
0.0, 1.0, 0.1, 0.1, 8.0, SKS, 2, TW0082
0.0, 1.0, 0.1, 0.1, 8.0, SKS, 2, TW0083
0.0, 1.0, 0.1, 0.1, 8.0, SKS, 2, TW0084
0.0, 1.0, 0.1, 0.1, 8.0, SKS, 2, TW0085
0.0, 1.0, 0.1, 0.1, 8.0, SKS, 2, TW0086
0.0, 1.0, 0.1, 0.1, 8.0, SKS, 2, TW0087
0.0, 1.0, 0.1, 0.1, 8.0, SKS, 2, TW0088
0.0, 1.0, 0.1, 0.1, 8.0, SKS, 2, TW0089
0.0, 1.0, 0.1, 0.1, 8.0, SKS, 2, TW0090
0.0, 1.0, 0.1, 0.1, 8.0, SKS, 2, TW0091
0.0, 1.0, 0.1, 0.1, 8.0, SKS, 2, TW0092
0.0, 1.0, 0.1, 0.1, 8.0, SKS, 2, TW0093
0.0, 1.0, 0.1, 0.1, 8.0, SKS, 2, TW0094
0.0, 1.0, 0.1, 0.1, 8.0, SKS, 2, TW0095
0.0, 1.0, 0.1, 0.1, 8.0, SKS, 2, TW0096
0.0, 1.0, 0.1, 0.1, 8.0, SKS, 2, TW0097
0.0, 1.0, 0.1, 0.1, 8.0, SKS, 2, TW0098
0.0, 1.0, 0.1, 0.1, 8.0, SKS, 2, TW0099
0.0, 1.0, 0.1, 0.1, 8.0, SKS, 2, TW0100
0.0, 1.0, 0.1, 0.1, 8.0, SKS, 2, TW0101
0.0, 1.0, 0.1, 0.1, 8.0, SKS, 2, TW0102
0.0, 1.0, 0.1, 0.1, 8.0, SKS, 2, TW0103
0.0, 1.0, 0.1, 0.1, 8.0, SKS, 2, TW0104
0.0, 1.0, 0.1, 0.1, 8.0, SKS, 2, TW0105
0.0, 1.0, 0.1, 0.1, 8.0, SKS, 2, TW0106
0.0, 1.0, 0.1, 0.1, 8.0, SKS, 2, TW0107
0.0, 1.0, 0.1, 0.1, 8.0, SKS, 2, TW0108
0.0, 1.0, 0.1, 0.1, 8.0, SKS, 2, TW0109
0.0, 1.0, 0.1, 0.1, 8.0, SKS, 2, TW0110
0.0, 1.0, 0.1, 0.1, 8.0, SKS, 2, TW0111
0.0, 1.0, 0.1, 0.1, 8.0, SKS, 2, TW0112
0.0, 1.0, 0.1, 0.1, 8.0, SKS, 2, TW0113
0.0, 1.0, 0.1, 0.1, 8.0, SKS, 2, TW0114
0.0, 1.0, 0.1, 0.1, 8.0, SKS, 2, TW0115
0.0, 1.0, 0.1, 0.1, 8.0, SKS, 2, TW0116
0.0, 1.0, 0.1, 0.1, 8.0, SKS, 2, TW0117
0.0, 1.0, 0.1, 0.1, 8.0, SKS, 2, TW0118
0.0, 1.0, 0.1, 0.1, 8.0, SKS, 2, TW0119
0.0, 1.0, 0.1, 0.1, 8.0, SKS, 2, TW0120
0.0, 1.0, 0.1, 0.1, 8.0, SKS, 2, TW0121
0.0, 1.0, 0.1, 0.1, 8.0, SKS, 2, TW0122
0.0, 1.0, 0.1, 0.1, 8.0, SKS, 2, TW0123
0.0, 1.0, 0.1, 0.1, 8.0, SKS, 2, TW0124
0.0, 1.0, 0.1, 0.1, 8.0, SKS, 2, TW0125
0.0, 1.0, 0.1, 0.1, 8.0, SKS, 2, TW0126
0.0, 1.0, 0.1, 0.1, 8.0, SKS, 2, TW0127
0.0, 1.0, 0.1, 0.1, 8.0, SKS, 2, TW0128
0.0, 1.0, 0.1, 0.1, 8.0, SKS, 2, TW0129
0.0, 1.0, 0.1, 0.1, 8.0, SKS, 2, TW0130
0.0, 1.0, 0.1, 0.1, 8.0, SKS, 2, TW0131
0.0, 1.0, 0.1, 0.1, 8.0, SKS, 2, TW0132
0.0, 1.0, 0.1, 0.1, 8.0, SKS, 2, TW0133
0.0, 1.0, 0.1, 0.1, 8.0, SKS, 2, TW0134
0.0, 1.0, 0.1, 0.1, 8.0, SKS, 2, TW0135
0.0, 1.0, 0.1, 0.1, 8.0, SKS, 2, TW0136
0.0, 1.0, 0.1, 0.1, 8.0, SKS, 2, TW0137
0.0, 1.0, 0.1, 0.1, 8.0, SKS, 2, TW0138
0.0, 1.0, 0.1, 0.1, 8.0, SKS, 2, TW0139
0.0, 1.0, 0.1, 0.1, 8.0, SKS, 2, TW0140
0.0, 1.0, 0.1, 0.1, 8.0, SKS, 2, TW0141
0.0, 1.0, 0.1, 0.1, 8.0, SKS, 2, TW0142
0.0, 1.0, 0.1, 0.1, 8.0, SKS, 2, TW0143
0.0, 1.0, 0.1, 0.1, 8.0, SKS, 2, TW0144
0.0, 1.0, 0.1, 0.1, 8.0, SKS, 2, TW0145
0.0, 1.0, 0.1, 0.1, 8.0, SKS, 2, TW0146
0.0, 1.0, 0.1, 0.1, 8.0, SKS, 2, TW0147
0.0, 1.0, 0.1, 0.1, 8.0, SKS, 2, TW0148
0.0, 1.0, 0.1, 0.1, 8.0, SKS, 2, TW0149
0.0, 1.0, 0.1, 0.1, 8.0, SKS, 2, TW0150
0.0, 1.0, 0.1, 0.1, 8.0, SKS, 2, TW0151
0.0, 1.0, 0.1, 0.1, 8.0, SKS, 2, TW0152
0.0, 1.0, 0.1, 0.1, 8.0, SKS, 2, TW0153
0.0, 1.0, 0.1, 0.1, 8.0, SKS, 2, TW0154
0.0, 1.0, 0.1, 0.1, 8.0, SKS, 2, TW0155
0.0, 1.0, 0.1, 0.1, 8.0, SKS, 2, TW0156
0.0, 1.0, 0.1, 0.1, 8.0, SKS, 2, TW0157
0.0, 1.0, 0.1, 0.1, 8.0, SKS, 2, TW0158
0.0, 1.0, 0.1, 0.1, 8.0, SKS, 2, TW0159
0.0, 1.0, 0.1, 0.1, 8.0, SKS, 2, TW0160
0.0, 1.0, 0.1, 0.1, 8.0, SKS, 2, TW0161
0.0, 1.0, 0.1, 0.1, 8.0, SKS, 2, TW0162
0.0, 1.0, 0.1, 0.1, 8.0, SKS, 2, TW0163
0.0, 1.0, 0.1, 0.1, 8.0, SKS, 2, TW0164
0.0, 1.0, 0.1, 0.1, 8.0, SKS, 2, TW0165
0.0, 1.0, 0.1, 0.1, 8.0, SKS, 2, TW0166
0.0, 1.0, 0.1, 0.1, 8.0, SKS, 2, TW0167
0.0, 1.0, 0.1, 0.1, 8.0, SKS, 2, TW0168
0.0, 1.0, 0.1, 0.1, 8.0, SKS, 2, TW0169
0.0, 1.0, 0.1, 0.1, 8.0, SKS, 2, TW0170
0.0, 1.0, 0.1, 0.1, 8.0, SKS, 2, TW0171
0.0, 1.0, 0.1, 0.1, 8.0, SKS, 2, TW0172
0.0, 1.0, 0.1, 0.1, 8.0, SKS, 2, TW0173
0.0, 1.0, 0.1, 0.1, 8.0, SKS, 2, TW0174
0.0, 1.0, 0.1, 0.1, 8.0, SKS, 2, TW0175
0.0, 1.0, 0.1, 0.1, 8.0, SKS, 2, TW0176
0.0, 1.0, 0.1, 0.1, 8.0, SKS, 2, TW0177
0.0, 1.0, 0.1, 0.1, 8.0, SKS, 2, TW0178
0.0, 1.0, 0.1, 0.1, 8.0, SKS, 2, TW0179
0.0, 1.0, 0.1, 0.1, 8.0, SKS, 2, TW0180
0.0, 1.0, 0.1, 0.1, 8.0, SKS, 2, TW0181
0.0, 1.0, 0.1, 0.1, 8.0, SKS, 2, TW0182
0.0, 1.0, 0.1, 0.1, 8.0, SKS, 2, TW0183
0.0, 1.0, 0.1, 0.1, 8.0, SKS, 2, TW0184
0.0, 1.0, 0.1, 0.1, 8.0, SKS, 2, TW0185
0.0, 1.0, 0.1, 0.1, 8.0, SKS, 2, TW0186
0.0, 1.0, 0.1, 0.1, 8.0, SKS, 2, TW0187
0.0, 1.0, 0.1, 0.1, 8.0, SKS, 2, TW0188
0.0, 1.0, 0.1, 0.1, 8.0, SKS, 2, TW0189
0.0, 1.0, 0.1, 0.1, 8.0, SKS, 2, TW0190
0.0, 1.0, 0.1, 0.1, 8.0, SKS, 2, TW0191
0.0, 1.0, 0.1, 0.1, 8.0, SKS, 2, TW0192
0.0, 1.0, 0.1, 0.1, 8.0, SKS, 2, TW0193
0.0, 1.0, 0.1, 0.1, 8.0, SKS, 2, TW0194
0.0, 1.0, 0.1, 0.1, 8.0, SKS, 2, TW0195
0.0, 1.0, 0.1, 0.1, 8.0, SKS, 2, TW0196
0.0, 1.0, 0.1, 0.1, 8.0, SKS, 2, TW0197
0.0, 1.0, 0.1, 0.1, 8.0, SKS, 2, TW0198
0.0, 1.0, 0.1, 0.1, 8.0, SKS, 2, TW0199
0.0, 1.0, 0.1, 0.1, 8.0, SKS, 2, TW0200
0.0, 1.0, 0.1, 0.1, 8.0, SKS, 2, TW0201
0.0, 1.0, 0.1, 0.1, 8.0, SKS, 2, TW0202
0.0, 1.0, 0.1, 0.1, 8.0, SKS, 2, TW0203
0.0, 1.0, 0.1, 0.1, 8.0, SKS, 2, TW0204
0.0, 1.0, 0.1, 0.1, 8.0, SKS, 2, TW0205
0.0, 1.0, 0.1, 0.1, 8.0, SKS, 2, TW0206
0.0, 1.0, 0.1, 0.1, 8.0, SKS, 2, TW0207
0.0, 1.0, 0.1, 0.1, 8.0, SKS, 2, TW0208
0.0, 1.0, 0.1, 0.1, 8.0, SKS, 2, TW0209
0.0, 1.0, 0.1, 0.1, 8.0, SKS, 2, TW0210
0.0, 1.0, 0.1, 0.1, 8.0, SKS, 2, TW0211
0.0, 1.0, 0.1, 0.1, 8.0, SKS, 2, TW0212
0.0, 1.0, 0.1, 0.1, 8.0, SKS, 2, TW0213
0.0, 1.0, 0.1, 0.1, 8.0, SKS, 2, TW0214
0.0, 1.0, 0.1, 0.1, 8.0, SKS, 2, TW0215
0.0, 1.0, 0.1, 0.1, 8.0, SKS, 2, TW0216
0.0, 1.0, 0.1, 0.1, 8.0, SKS, 2, TW0217
0.0, 1.0, 0.1, 0.1, 8.0, SKS, 2, TW0218
0.0, 1.0, 0.1, 0.1, 8.0, SKS, 2, TW0219
0.0, 1.0, 0.1, 0.1, 8.0, SKS, 2, TW0220
0.0, 1.0, 0.1, 0.1, 8.0, SKS, 2, TW0221
0.0, 1.0, 0.1, 0.1, 8.0, SKS, 2, TW0222
0.0, 1.0, 0.1, 0.1, 8.0, SKS, 2, TW0223
0.0, 1.0, 0.1, 0.1, 8.0, SKS, 2, TW0224
0.0, 1.0, 0.1, 0.1, 8.0, SKS, 2, TW0225
0.0, 1.0, 0.1, 0.1, 8.0, SKS, 2, TW0226
0.0, 1.0, 0.1, 0.1, 8.0, SKS, 2, TW0227
0.0, 1.0, 0.1, 0.1, 8.0, SKS, 2, TW0228
0.0, 1.0, 0.1, 0.1, 8.0, SKS, 2, TW0229
0.0, 1.0, 0.1, 0.1, 8.0, SKS, 2, TW0230
0.0, 1.0, 0.1, 0.1, 8.0, SKS, 2, TW0231
0.0, 1.0, 0.1, 0.1, 8.0, SKS, 2, TW0232
0.0, 1.0, 0.1, 0.1, 8.0, SKS, 2, TW0233
0.0, 1.0, 0.1, 0.1, 8.0, SKS, 2, TW0234
0.0, 1.0, 0.1, 0.1, 8.0, SKS, 2, TW0235
0.0, 1.0, 0.1, 0.1, 8.0, SKS, 2, TW0236
0.0, 1.0, 0.1, 0.1, 8.0, SKS, 2, TW0237
0.0, 1.0, 0.1, 0.1, 8.0, SKS, 2, TW0238
0.0, 1.0, 0.1, 0.1, 8.0, SKS, 2, TW0239
0.0, 1.0, 0.1, 0.1, 8.0, SKS, 2, TW0240
0.0, 1.0, 0.1, 0.1, 8.0, SKS, 2, TW0241
0.0, 1.0, 0.1, 0.1, 8.0, SKS, 2, TW0242
0.0, 1.0, 0.1, 0.1, 8.0, SKS, 2, TW0243
0.0, 1.0, 0.1, 0.1, 8.0, SKS, 2, TW0244
0.0, 1.0, 0.1, 0.1, 8.0, SKS, 2, TW0245
0.0, 1.0, 0.1, 0.1, 8.0, SKS, 2, TW0246
0.0, 1.0, 0.1, 0.1, 8.0, SKS, 2, TW0247
0.0, 1.0, 0.1, 0.1, 8.0, SKS, 2, TW0248
0.0, 1.0, 0.1, 0.1, 8.0, SKS, 2, TW0249
0.0, 1.0, 0.1, 0.1, 8.0, SKS, 2, TW0250
0.0, 1.0, 0.1, 0.1, 8.0, SKS, 2, TW0251
0.0, 1.0, 0.1, 0.1, 8.0, SKS, 2, TW0252
0.0, 1.0, 0.1, 0.1, 8.0, SKS, 2, TW0253
0.0, 1.0, 0.1, 0.1, 8.0, SKS, 2, TW0254
0.0, 1.0, 0.1, 0.1, 8.0, SKS, 2, TW0255
0.0, 1.0, 0.1, 0.1, 8.0, SKS, 2, TW0256
0.0, 1.0, 0.1, 0.1, 8.0, SKS, 2, TW0257
0.0, 1.0, 0.1, 0.1, 8.0, SKS, 2, TW0258
0.0, 1.0, 0.1, 0.1, 8.0, SKS, 2, TW0259
0.0, 1.0, 0.1, 0.1, 8.0, SKS, 2, TW0260
0.0, 1.0, 0.1, 0.1, 8.0, SKS, 2, TW0261
0.0, 1.0, 0.1, 0.1, 8.0, SKS, 2, TW0262
0.0, 1.0, 0.1, 0.1, 8.0, SKS, 2, TW0263
0.0, 1.0, 0.1, 0.1, 8.0, SKS, 2, TW0264
0.0, 1.0, 0.1, 0.1, 8.0, SKS, 2, TW0265
0.0, 1.0, 0.1, 0.1, 8.0, SKS, 2, TW0266
0.0, 1.0, 0.1, 0.1, 8.0, SKS, 2, TW0267
0.0, 1.0, 0.1, 0.1, 8.0, SKS, 2, TW0268
0.0, 1.0, 0.1, 0.1, 8.0, SKS, 2, TW0269
0.0, 1.0, 0.1, 0.1, 8.0, SKS, 2, TW0270
0.0, 1.0, 0.1, 0.1, 8.0, SKS, 2, TW0271
0.0, 1.0, 0.1, 0.1, 8.0, SKS, 2, TW0272
0.0, 1.0, 0.1, 0.1, 8.0, SKS, 2, TW0273
0.0, 1.0, 0.1, 0.1, 8.0, SKS, 2, TW0274
0.0, 1.0, 0.1, 0.1, 8.0, SKS, 2, TW0275
0.0, 1.0, 0.1, 0.1, 8.0, SKS, 2, TW0276
0.0, 1.0, 0.1, 0.1, 8.0, SKS, 2, TW0277
0.0, 1.0, 0.1, 0.1, 8.0, SKS, 2, TW0278
0.0, 1.0, 0.1, 0.1, 8.0, SKS, 2, TW0279
0.0, 1.0, 0.1, 0.1, 8.0, SKS, 2, TW0280
0.0, 1.0, 0.1, 0.1, 8.0, SKS, 2, TW0281
0.0, 1.0, 0.1, 0.1, 8.0, SKS, 2, TW0282
0.0, 1.0, 0.1, 0.1, 8.0, SKS, 2, TW0283
0.0, 1.0, 0.1, 0.1, 8.0, SKS, 2, TW0284
0.0, 1.0, 0.1, 0.1, 8.0, SKS, 2, TW0285
0.0, 1.0, 0.1, 0.1, 8.0, SKS, 2, TW0286
0.0, 1.0, 0.1, 0.1, 8.0, SKS, 2, TW0287
0.0, 1.0, 0.1, 0.1, 8.0, SKS, 2, TW0288
0.0, 1.0, 0.1, 0.1, 8.0, SKS, 2, TW0289
0.0, 1.0, 0.1, 0.1, 8.0, SKS, 2, TW0290
0.0, 1.0, 0.1, 0.1, 8.0, SKS, 2, TW0291
0.0, 1.0, 0.1, 0.1, 8.0, SKS, 2, TW0292
0.0, 1.0, 0.1, 0.1, 8.0, SKS, 2, TW0293
0.0, 1.0, 0.1, 0.1, 8.0, SKS, 2, TW0294
0.0, 1.0, 0.1, 0.1, 8.0, SKS, 2, TW0295
0.0, 1.0, 0.1, 0.1, 8.0, SKS, 2, TW0296
0.0, 1.0, 0.1, 0.1, 8.0, SKS, 2, TW0297
0.0, 1.0, 0.1, 0.1, 8.0, SKS, 2, TW0298
0.0, 1.0, 0.1, 0.1, 8.0, SKS, 2, TW0299
0.0, 1.0, 0.1, 0.1, 8.0, SKS, 2, TW0300
0.0, 1.0, 0.1, 0.1, 8.0, SKS, 2, TW0301
0.0, 1.0, 0.1, 0.1, 8.0, SKS, 2, TW0302
0.0, 1.0, 0.1, 0.1, 8.0, SKS, 2, TW0303
0.0, 1.0, 0.1, 0.1, 8.0, SKS, 2, TW0304
0.0, 1.0, 0.1, 0.1, 8.0, SKS, 2, TW0305
0.0, 1.0, 0.1, 0.1, 8.0, SKS, 2, TW0306
0.0, 1.0, 0.1, 0.1, 8.0, SKS, 2, TW0307
0.0, 1.0, 0.1, 0.1, 8.0, SKS, 2, TW0308
0.0, 1.0, 0.1, 0.1, 8.0, SKS, 2, TW0309
0.0, 1.0, 0.1, 0.1, 8.0, SKS, 2, TW0310
0.0, 1.0, 0.1, 0.1, 8.0, SKS, 2, TW0311
0.0, 1.0, 0.1, 0.1, 8.0, SKS, 2, TW0312
0.0, 1.0, 0.1, 0.1, 8.0, SKS, 2, TW0313
0.0, 1.0, 0.1, 0.1, 8.0, SKS, 2, TW0314
0.0, 1.0, 0.1, 0.1, 8.0, SKS, 2, TW0315
0.0, 1.0, 0.1, 0.1, 8.0, SKS, 2, TW0316
0.0, 1.0, 0.1, 0.1, 8.0, SKS, 2, TW0317
0.0, 1.0, 0.1, 0.1, 8.0, SKS, 2, TW0318
0.0, 1.0, 0.1, 0.1, 8.0, SKS, 2, TW0319
0.0, 1.0, 0.1, 0.1, 8.0, SKS, 2, TW0320
0.0, 1.0, 0.1, 0.1, 8.0, SKS, 2, TW0321
0.0, 1.0, 0.1, 0.1, 8.0, SKS, 2, TW0322
0.0, 1.0, 0.1, 0.1, 8.0, SKS, 2, TW0323
0.0, 1.0, 0.1, 0.1, 8.0, SKS, 2, TW0324
0.0, 1.0, 0.1, 0.1, 8.0, SKS, 2, TW0325
0.0, 1.0, 0.1, 0.1, 8.0, SKS, 2, TW0326
0.0, 1.0, 0.1, 0.1, 8.0, SKS, 2, TW0327
0.0, 1.0, 0.1, 0.1, 8.0, SKS, 2, TW0328
0.0, 1.0, 0.1, 0.1, 8.0, SKS, 2, TW0329
0.0, 1.0, 0.1, 0.1, 8.0, SKS, 2, TW0330
0.0, 1.0, 0.1, 0.1, 8.0, SKS, 2, TW0331
0.0, 1.0, 0.1, 0.1, 8.0, SKS, 2, TW0332
0.0, 1.0, 0.1, 0.1, 8.0, SKS, 2, TW0333
0.0, 1.0, 0.1, 0.1, 8.0, SKS, 2, TW0334
0.0, 1.0, 0.1, 0.1, 8.0, SKS, 2, TW0335
0.0, 1.0, 0.1, 0.1, 8.0, SKS, 2, TW0336
0.0, 1.0, 0.1, 0.1, 8.0, SKS, 2, TW0337
0.0, 1.0, 0.1, 0.1, 8.0, SKS, 2, TW0338
0.0, 1.0, 0.1, 0.1, 8.0, SKS, 2, TW0339
0.0, 1.0, 0.1, 0.1, 8.0, SKS, 2, TW0340
0.0, 1.0, 0.1, 0.1, 8.0, SKS, 2, TW0341
0.0, 1.0, 0.1, 0.1, 8.0, SKS, 2, TW0342
0.0, 1.0, 0.1, 0.1, 8.0, SKS, 2, TW0343
0.0, 1.0, 0.1, 0.1, 8.0, SKS, 2, TW0344
0.0, 1.0, 0.1, 0.1, 8.0, SKS, 2, TW0345
0.0, 1.0, 0.1, 0.1, 8.0, SKS, 2, TW0346
0.0, 1.0, 0.1, 0.1, 8.0, SKS, 2, TW0347
0.0, 1.0, 0.1, 0.1, 8.0, SKS, 2, TW0348
0.0, 1.0, 0.1, 0.1, 8.0, SKS, 2, TW0349
0.0, 1.0, 0.1, 0.1, 8.0, SKS, 2, TW0350
0.0, 1.0, 0.1, 0.1, 8.0, SKS, 2, TW0351
0.0, 1.0, 0.1, 0.1, 8.0, SKS, 2, TW0352
0.0, 1.0, 0.1, 0.1, 8.0, SKS, 2, TW0353
0.0, 1.0, 0.1, 0.1, 8.0, SKS, 2, TW0354
0.0, 1.0, 0.1, 0.1, 8.0, SKS, 2, TW0355
0.0, 1.0, 0.1, 0.1, 8.0, SKS, 2, TW0356
0.0, 1.0, 0.1, 0.1, 8.0, SKS, 2, TW0357
0.0, 1.0, 0.1, 0.1, 8.0, SKS, 2, TW0358
0.0, 1.0, 0.1, 0.1, 8.0, SKS, 2, TW0359
0.0, 1.0, 0.1, 0.1, 8.0, SKS, 2, TW0360
0.0, 1.0, 0.1, 0.1, 8.0, SKS, 2, TW0361
0.0, 1.0, 0.1, 0.1, 8.0, SKS, 2, TW0362
0.0, 1.0, 0.1, 0.1, 8.0, SKS, 2, TW0363
0.0, 1.0, 0.1, 0.1, 8.0, SKS, 2, TW0364
0.0, 1.0, 0.1, 0.1, 8.0, SKS, 2, TW0365
0.0, 1.0, 0.1, 0.1, 8.0, SKS, 2, TW0366
0.0, 1.0, 0.1, 0.1, 8.0, SKS, 2, TW0367
0.0, 1.0, 0.1, 0.1, 8.0, SKS, 2, TW0368
0.0, 1.0, 0.1, 0.1, 8.0, SKS, 2, TW0369
0.0, 1.0, 0.1, 0.1, 8.0, SKS, 2, TW0370
0.0, 1.0, 0.1, 0.1, 8.0, SKS, 2, TW0371
0.0, 1.0, 0.1, 0.1, 8.0, SKS, 2, TW0372
0.0, 1.0, 0.1, 0.1, 8.0, SKS, 2, TW0373
0.0, 1.0, 0.1, 0.1, 8.0, SKS, 2, TW0374
0.0, 1.0, 0.1, 0.1, 8.0, SKS, 2, TW0375
0.0, 1.0, 0.1, 0.1, 8.0, SKS, 2, TW0376
0.0, 1.0, 0.1, 0.1, 8.0, SKS, 2, TW0377
0.0, 1.0, 0.1, 0.1, 8.0, SKS, 2, TW0378
0.0, 1.0, 0.1, 0.1, 8.0, SKS, 2, TW0379
0.0, 1.0, 0.1, 0.1, 8.0, SKS, 2, TW0380
0.0, 1.0, 0.1, 0.1, 8.0, SKS, 2, TW0381
0.0, 1.0, 0.1, 0.1, 8.0, SKS, 2, TW0382
0.0, 1.0, 0.1, 0.1, 8.0, SKS, 2, TW0383
0.0, 1.0, 0.1, 0.1, 8.0, SKS, 2, TW0384
0.0, 1.0, 0.1, 0.1, 8.0, SKS, 2, TW0385
0.0, 1.0, 0.1, 0.1, 8.0, SKS, 2, TW0386
0.0, 1.0, 0.1, 0.1, 8.0, SKS, 2, TW0387
0.0, 1.0, 0.1, 0.1, 8.0, SKS, 2, TW0388
0.0, 1.0, 0.1, 0.1, 8.0, SKS, 2, TW0389
0.0, 1.0, 0.1, 0.1, 8.0, SKS, 2, TW0390
0.0, 1.0, 0.1, 0.1, 8.0, SKS, 2, TW0391
0.0, 1.0, 0.1, 0.1, 8.0, SKS, 2, TW0392
0.0, 1.0, 0.1, 0.1, 8.0, SKS, 2, TW0393
0.0, 1.0, 0.1, 0.1, 8.0, SKS, 2, TW0394
0.0, 1.0, 0.1, 0.1, 8.0, SKS, 2, TW0395
0.0, 1.0, 0.1, 0.1, 8.0, SKS, 2, TW0396
0.0, 1.0, 0.1, 0.1, 8.0, SKS, 2, TW0397
0.0, 1.0, 0.1, 0.1, 8.0, SKS, 2, TW0398
0.0, 1.0, 0.1, 0.1, 8.0, SKS, 2, TW0399
0.0, 1.0, 0.1, 0.1, 8.0, SKS, 2, TW0400
0.0, 1.0, 0.1, 0.1, 8.0, SKS, 2, TW0401
0.0, 1.0, 0.1, 0.1, 8.0, SKS, 2, TW0402
0.0, 1.0, 0.1, 0.1, 8.0, SKS, 2, TW0403
0.0, 1.0, 0.1, 0.1, 8.0, SKS, 2, TW0404
0.0, 1.0, 0.1, 0.1, 8.0, SKS, 2, TW0405
0.0, 1.0, 0.1, 0.1, 8.0, SKS, 2, TW0406
0.0, 1.0, 0.1, 0.1, 8.0, SKS, 2, TW0407
0.0, 1.0, 0.1, 0.1, 8.0, SKS, 2, TW0408
0.0, 1.0, 0.1, 0.1, 8.0, SKS, 2, TW0409
0.0, 1.0, 0.1, 0.1, 8.0, SKS, 2, TW0410
0.0, 1.0, 0.1, 0.1, 8.0, SKS, 2, TW0411
0.0, 1.0, 0.1, 0.1, 8.0, SKS, 2, TW0412
0.0, 1.0, 0.1, 0.1, 8.0, SKS, 2, TW0413
0.0, 1.0, 0.1, 0.1, 8.0, SKS, 2, TW0414
0.0, 1.0, 0.1, 0.1, 8.0, SKS, 2, TW0415
0.0, 1.0, 0.1, 0.1, 8.0, SKS, 2, TW0416
0.0, 1.0, 0.1, 0.1, 8.0, SKS, 2, TW0417
0.0, 1.0, 0.1, 0.1, 8.0, SKS, 2, TW0418
0.0, 1.0, 0.1, 0.1, 8.0, SKS, 2, TW0419
0.0, 1.0, 0.1, 0.1, 8.0, SKS, 2, TW0420
0.0, 1.0, 0.1, 0.1, 8.0, SKS, 2, TW0421
0.0, 1.0, 0.1, 0.1, 8.0, SKS, 2, TW0422
0.0, 1.0, 0.1, 0.1, 8.0, SKS, 2, TW0423
0.0, 1.0, 0.1, 0.1, 8.0, SKS, 2, TW0424
0.0, 1.0, 0.1, 0.1, 8.0, SKS, 2, TW0425
0.0, 1.0, 0.1, 0.1, 8.0, SKS, 2, TW0426
0.0, 1.0, 0.1, 0.1, 8.0, SKS, 2, TW0427
0.0, 1.0, 0.1, 0.1, 8.0, SKS, 2, TW0428
0.0, 1.0, 0.1, 0.1, 8.0, SKS, 2, TW0429
0.0, 1.0, 0.1, 0.1, 8.0, SKS, 2, TW0430
0.0, 1.0, 0.1, 0.1, 8.0, SKS, 2, TW0431
0.0, 1.0, 0.1, 0.1, 8.0, SKS, 2, TW0432
0.0, 1.0, 0.1, 0.1, 8.0, SKS, 2, TW0433
0.0, 1.0, 0.1, 0.1, 8.0, SKS, 2, TW0434
0.0, 1.0, 0.1, 0.1, 8.0, SKS, 2, TW0435
0.0, 1.0, 0.1, 0.1, 8.0, SKS, 2, TW0436
0.0, 1.0, 0.1, 0.1, 8.0, SKS, 2, TW0437
0.0, 1.0, 0.1, 0.1, 8.0, SKS, 2, TW0438
0.0, 1.0, 0.1, 0.1, 8.0, SKS, 2, TW0439
0.0, 1.0, 0.1, 0.1, 8.0, SKS, 2, TW0440
0.0, 1.0, 0.1, 0.1, 8.0, SKS, 2, TW0441
0.0, 1.0, 0.1, 0.1, 8.0, SKS, 2, TW0442
0.0, 1.0, 0.1, 0.1, 8.0, SKS, 2, TW0443
0.0, 1.0, 0.1, 0.1, 8.0, SKS, 2, TW0444
0.0, 1.0, 0.1, 0.1, 8.0, SKS, 2, TW0445
0.0, 1.0, 0.1, 0.1, 8.0, SKS, 2, TW0446
0.0, 1.0, 0.1, 0.1, 8.0, SKS, 2, TW0447
0.0, 1.0, 0.1, 0.1, 8.0, SKS, 2, TW0448
0.0, 1.0, 0.1, 0.1, 8.0, SKS, 2, TW0449
0.0, 1.0, 0.1, 0.1, 8.0, SKS, 2, TW0450
0.0, 1.0, 0.1, 0.1, 8.0, SKS, 2, TW0451
0.0, 1.0, 0.1, 0.1, 8.0, SKS, 2, TW0452
0.0, 1.0, 0.1, 0.1, 8.0, SKS, 2, TW0453
0.0, 1.0, 0.1, 0.1, 8.0, SKS, 2, TW0454
0.0, 1.0, 0.1, 0.1, 8.0, SKS, 2, TW0455
0.0, 1.0, 0.1, 0.1, 8.0, SKS, 2, TW0456
0.0, 1.0, 0.1, 0.1, 8.0, SKS, 2, TW0457
0.0, 1.0, 0.1, 0.1, 8.0, SKS, 2, TW0458
0.0, 1.0, 0.1, 0.1, 8.0, SKS, 2, TW0459
0.0, 1.0, 0.1, 0.1, 8.0, SKS, 2, TW0460
0.0, 1.0, 0.1, 0.1, 8.0, SKS, 2, TW0461
0.0, 1.0, 0.1, 0.1, 8.0, SKS, 2, TW0462
0.0, 1.0, 0.1, 0.1, 8.0, SKS, 2, TW0463
0.0, 1.0, 0.1, 0.1, 8.0, SKS, 2, TW0464
0.0, 1.0, 0.1, 0.1, 8.0, SKS, 2, TW0465
0.0, 1.0, 0.1, 0.1, 8.0, SKS, 2, TW0466
0.0, 1.0, 0.1, 0.1, 8.0, SKS, 2, TW0467
0.0, 1.0, 0.1, 0.1, 8.0, SKS, 2, TW0468
0.0, 1.0, 0.1, 0.1, 8.0, SKS, 2, TW0469
0.0, 1.0, 0.1, 0.1, 8.0, SKS, 2, TW0470
0.0, 1.0, 0.1, 0.1, 8.0, SKS, 2, TW0471
0.0, 1.0, 0.1, 0.1, 8.0, SKS, 2, TW0472
0.0, 1.0, 0.1, 0.1, 8.0, SKS, 2, TW0473
0.0, 1.0, 0.1, 0.1, 8.0, SKS, 2, TW0474
0.0, 1.0, 0.1, 0.1, 8.0, SKS, 2, TW0475
0.0, 1.0, 0.1, 0.1, 8.0, SKS, 2, TW0476
0.0, 1.0, 0.1, 0.1, 8.0, SKS, 2, TW0477
0.0, 1.0, 0.1, 0.1, 8.0, SKS, 2, TW0478
0.0, 1.0, 0.1, 0.1, 8.0, SKS, 2, TW0479
0.0, 1.0, 0.1, 0.1, 8.0, SKS, 2, TW0480
0.0, 1.0, 0.1, 0.1, 8.0, SKS, 2, TW0481
0.0, 1.0, 0.1, 0.1, 8.0, SKS, 2, TW0482
0.0, 1.0, 0.1, 0.1, 8.0, SKS, 2, TW0483
0.0, 1.0, 0.1, 0.1, 8.0, SKS, 2, TW0484
0.0, 1.0, 0.1, 0.1, 8.0, SKS, 2, TW0485
0.0, 1.0, 0.1, 0.1, 8.0, SKS, 2, TW0486
0.0, 1.0, 0.1, 0.1, 8.0, SKS, 2, TW0487
0.0, 1.0, 0.1, 0.1, 8.0, SKS, 2, TW0488
0.0, 1.0, 0.1, 0.1, 8.0, SKS, 2, TW0489
0.0, 1.0, 0.1, 0.1, 8.0, SKS, 2, TW0490
0.0, 1.0, 0.1, 0.1, 8.0, SKS, 2, TW0491
0.0, 1.0, 0.1, 0.1, 8.0, SKS, 2, TW0492
0.0, 1.0, 0.1, 0.1, 8.0, SKS, 2, TW0493
0.0, 1.0, 0.1, 0.1, 8.0, SKS, 2, TW0494
0.0, 1.0, 0.1, 0.1, 8.0, SKS, 2, TW0495
0.0, 1.0, 0.1, 0.1, 8.0, SKS, 2, TW0496
0.0, 1.0, 0.1, 0.1, 8.0, SKS, 2, TW0497
0.0, 1.0, 0.1, 0.1, 8.0, SKS, 2, TW0498
0.0, 1.0, 0.1, 0.1, 8.0, SKS, 2, TW0499
0.0, 1.0, 0.1, 0.1, 8.0, SKS, 2, TW0500
0.0, 1.0, 0.1, 0.1, 8.0, SKS, 2, TW0501
0.0, 1.0, 0.1, 0.1, 8.0, SKS, 2, TW0502
0.0, 1.0, 0.1, 0.1, 8.0, SKS, 2, TW0503
0.0, 1.0, 0.1, 0.1, 8.0, SKS, 2, TW0504
0.0, 1.0, 0.1, 0.1, 8.0, SKS, 2, TW0505
0.0, 1.0, 0.1, 0.1, 8.0, SKS, 2, TW0506
0.0, 1.0, 0.1, 0.1, 8.0, SKS, 2, TW0507
0.0, 1.0, 0.1, 0.1, 8.0, SKS, 2, TW0508
0.0, 1.0, 0.1, 0.1, 8.0, SKS, 2, TW0509
0.0, 1.0, 0.1, 0.1, 8.0, SKS, 2, TW0510
0.0, 1.0, 0.1, 0.1, 8.0, SKS, 2, TW0511
0.0, 1.0, 0.1, 0.1, 8.0, SKS, 2, TW0512
0.0, 1.0, 0.1, 0.1, 8.0, SKS, 2, TW0513
0.0, 1.0, 0.1, 0.1, 8.0, SKS, 2, TW0514
0.0, 1.0, 0.1, 0.1, 8.0, SKS, 2, TW0515
0.0, 1.0, 0.1, 0.1, 8.0, SKS, 2, TW0516
0.0, 1.0, 0.1, 0.1, 8.0, SKS, 2, TW0517
0.0, 1.0, 0.1, 0.1, 8.0, SKS, 2, TW0518
0.0, 1.0, 0.1, 0.1, 8.0, SKS, 2, TW0519
0.0, 1.0, 0.1, 0.1, 8.0, SKS, 2, TW0520
0.0, 1.0, 0.1, 0.1, 8.0, SKS, 2, TW0521
0.0, 1.0, 0.1, 0.1, 8.0, SKS, 2, TW0522
0.0, 1.0, 0.1, 0.1, 8.0, SKS, 2, TW0523
0.0, 1.0, 0.1, 0.1, 8.0, SKS, 2, TW0524
0.0, 1.0, 0.1, 0.1, 8.0, SKS, 2, TW0525
0.0, 1.0, 0.1, 0.1, 8.0, SKS, 3, TW0001
0.0, 1.0, 0.1, 0.1, 8.0, SKS, 3, TW0002
0.0, 1.0, 0.1, 0.1, 8.0, SKS, 3, TW0003
0.0, 1.0, 0.1, 0.1, 8.0, SKS, 3, TW0004
0.0, 1.0, 0.1, 0.1, 8.0, SKS, 3, TW0005
0.0, 1.0, 0.1, 0.1, 8.0, SKS, 3, TW0006
0.0, 1.0, 0.1, 0.1, 8.0, SKS, 3, TW0007
0.0, 1.0, 0.1, 0.1, 8.0, SKS, 3, TW0008
0.0, 1.0, 0.1, 0.1, 8.0, SKS, 3, TW0009
0.0, 1.0, 0.1, 0.1, 8.0, SKS, 3, TW0010
0.0, 1.0, 0.1, 0.1, 8.0, SKS, 3, TW0011
0.0, 1.0, 0.1, 0.1, 8.0, SKS, 3, TW0012
0.0, 1.0, 0.1, 0.1, 8.0, SKS, 3, TW0013
0.0, 1.0, 0.1, 0.1, 8.0, SKS, 3, TW0014
0.0, 1.0, 0.1, 0.1, 8.0, SKS, 3, TW0015
0.0, 1.0, 0.1, 0.1, 8.0, SKS, 3, TW0016
0.0, 1.0, 0.1, 0.1, 8.0, SKS, 3, TW0017
0.0, 1.0, 0.1, 0.1, 8.0, SKS, 3, TW0018
0.0, 1.0, 0.1, 0.1, 8.0, SKS, 3, TW0019
0.0, 1.0, 0.1, 0.1, 8.0, SKS, 3, TW0020
0.0, 1.0, 0.1, 0.1, 8.0, SKS, 3, TW0021
0.0, 1.0, 0.1, 0.1, 8.0, SKS, 3, TW0022
0.0, 1.0, 0.1, 0.1, 8.0, SKS, 3, TW0023
0.0, 1.0, 0.1, 0.1, 8.0, SKS, 3, TW0024
0.0, 1.0, 0.1, 0.1, 8.0, SKS, 3, TW0025
0.0, 1.0, 0.1, 0.1, 8.0, SKS, 3, TW0026
0.0, 1.0, 0.1, 0.1, 8.0, SKS, 3, TW0027
0.0, 1.0, 0.1, 0.1, 8.0, SKS, 3, TW0028
0.0, 1.0, 0.1, 0.1, 8.0, SKS, 3, TW0029
0.0, 1.0, 0.1, 0.1, 8.0, SKS, 3, TW0030
0.0, 1.0, 0.1, 0.1, 8.0, SKS, 3, TW0031
0.0, 1.0, 0.1, 0.1, 8.0, SKS, 3, TW0032
0.0, 1.0, 0.1, 0.1, 8.0, SKS, 3, TW0033
0.0, 1.0, 0.1, 0.1, 8.0, SKS, 3, TW0034
0.0, 1.0, 0.1, 0.1, 8.0, SKS, 3, TW0035
0.0, 1.0, 0.1, 0.1, 8.0, SKS, 3, TW0036
0.0, 1.0, 0.1, 0.1, 8.0, SKS, 3, TW0037
0.0, 1.0, 0.1, 0.1, 8.0, SKS, 3, TW0038
0.0, 1.0, 0.1, 0.1, 8.0, SKS, 3, TW0039
0.0, 1.0, 0.1, 0.1, 8.0, SKS, 3, TW0040
0.0, 1.0, 0.1, 0.1, 8.0, SKS, 3, TW0041
0.0, 1.0, 0.1, 0.1, 8.0, SKS, 3, TW0042
0.0, 1.0, 0.1, 0.1, 8.0, SKS, 3, TW0043
0.0, 1.0, 0.1, 0.1, 8.0, SKS, 3, TW0044
0.0, 1.0, 0.1, 0.1, 8.0, SKS, 3, TW0045
0.0, 1.0, 0.1, 0.1, 8.0, SKS, 3, TW0046
0.0, 1.0, 0.1, 0.1, 8.0, SKS, 3, TW0047
0.0, 1.0, 0.1, 0.1, 8.0, SKS, 3, TW0048
0.0, 1.0, 0.1, 0.1, 8.0, SKS, 3, TW0049
0.0, 1.0, 0.1, 0.1, 8.0, SKS, 3, TW0050
0.0, 1.0, 0.1, 0.1, 8.0, SKS, 3, TW0051
0.0, 1.0, 0.1, 0.1, 8.0, SKS, 3, TW0052
0.0, 1.0, 0.1, 0.1, 8.0, SKS, 3, TW0053
0.0, 1.0, 0.1, 0.1, 8.0, SKS, 3, TW0054
0.0, 1.0, 0.1, 0.1, 8.0, SKS, 3, TW0055
0.0, 1.0, 0.1, 0.1, 8.0, SKS, 3, TW0056
0.0, 1.0, 0.1, 0.1, 8.0, SKS, 3, TW0057
0.0, 1.0, 0.1, 0.1, 8.0, SKS, 3, TW0058
0.0, 1.0, 0.1, 0.1, 8.0, SKS, 3, TW0059
0.0, 1.0, 0.1, 0.1, 8.0, SKS, 3, TW0060
0.0, 1.0, 0.1, 0.1, 8.0, SKS, 3, TW0061
0.0, 1.0, 0.1, 0.1, 8.0, SKS, 3, TW0062
0.0, 1.0, 0.1, 0.1, 8.0, SKS, 3, TW0063
0.0, 1.0, 0.1, 0.1, 8.0, SKS, 3, TW0064
0.0, 1.0, 0.1, 0.1, 8.0, SKS, 3, TW0065
0.0, 1.0, 0.1, 0.1, 8.0, SKS, 3, TW0066
0.0, 1.0, 0.1, 0.1, 8.0, SKS, 3, TW0067
0.0, 1.0, 0.1, 0.1, 8.0, SKS, 3, TW0068
0.0, 1.0, 0.1, 0.1, 8.0, SKS, 3, TW0069
0.0, 1.0, 0.1, 0.1, 8.0, SKS, 3, TW0070
0.0, 1.0, 0.1, 0.1, 8.0, SKS, 3, TW0071
0.0, 1.0, 0.1, 0.1, 8.0, SKS, 3, TW0072
0.0, 1.0, 0.1, 0.1, 8.0, SKS, 3, TW0073
0.0, 1.0, 0.1, 0.1, 8.0, SKS, 3, TW0074
0.0, 1.0, 0.1, 0.1, 8.0, SKS, 3, TW0075
0.0, 1.0, 0.1, 0.1, 8.0, SKS, 3, TW0076
0.0, 1.0, 0.1, 0.1, 8.0, SKS, 3, TW0077
0.0, 1.0, 0.1, 0.1, 8.0, SKS, 3, TW0078
0.0, 1.0, 0.1, 0.1, 8.0, SKS, 3, TW0079
0.0, 1.0, 0.1, 0.1, 8.0, SKS, 3, TW0080
0.0, 1.0, 0.1, 0.1, 8.0, SKS, 3, TW0081
0.0, 1.0, 0.1, 0.1, 8.0, SKS, 3, TW0082
0.0, 1.0, 0.1, 0.1, 8.0, SKS, 3, TW0083
0.0, 1.0, 0.1, 0.1, 8.0, SKS, 3, TW0084
0.0, 1.0, 0.1, 0.1, 8.0, SKS, 3, TW0085
0.0, 1.0, 0.1, 0.1, 8.0, SKS, 3, TW0086
0.0, 1.0, 0.1, 0.1, 8.0, SKS, 3, TW0087
0.0, 1.0, 0.1, 0.1, 8.0, SKS, 3, TW0088
0.0, 1.0, 0.1, 0.1, 8.0, SKS, 3, TW0089
0.0, 1.0, 0.1, 0.1, 8.0, SKS, 3, TW0090
0.0, 1.0, 0.1, 0.1, 8.0, SKS, 3, TW0091
0.0, 1.0, 0.1, 0.1, 8.0, SKS, 3, TW0092
0.0, 1.0, 0.1, 0.1, 8.0, SKS, 3, TW0093
0.0, 1.0, 0.1, 0.1, 8.0, SKS, 3, TW0094
0.0, 1.0, 0.1, 0.1, 8.0, SKS, 3, TW0095
0.0, 1.0, 0.1, 0.1, 8.0, SKS, 3, TW0096
0.0, 1.0, 0.1, 0.1, 8.0, SKS, 3, TW0097
0.0, 1.0, 0.1, 0.1, 8.0, SKS, 3, TW0098
0.0, 1.0, 0.1, 0.1, 8.0, SKS, 3, TW0099
0.0, 1.0, 0.1, 0.1, 8.0, SKS, 3, TW0100
0.0, 1.0, 0.1, 0.1, 8.0, SKS, 3, TW0101
0.0, 1.0, 0.1, 0.1, 8.0, SKS, 3, TW0102
0.0, 1.0, 0.1, 0.1, 8.0, SKS, 3, TW0103
0.0, 1.0, 0.1, 0.1, 8.0, SKS, 3, TW0104
0.0, 1.0, 0.1, 0.1, 8.0, SKS, 3, TW0105
0.0, 1.0, 0.1, 0.1, 8.0, SKS, 3, TW0106
0.0, 1.0, 0.1, 0.1, 8.0, SKS, 3, TW0107
0.0, 1.0, 0.1, 0.1, 8.0, SKS, 3, TW0108
0.0, 1.0, 0.1, 0.1, 8.0, SKS, 3, TW0109
0.0, 1.0, 0.1, 0.1, 8.0, SKS, 3, TW0110
0.0, 1.0, 0.1, 0.1, 8.0, SKS, 3, TW0111
0.0, 1.0, 0.1, 0.1, 8.0, SKS, 3, TW0112
0.0, 1.0, 0.1, 0.1, 8.0, SKS, 3, TW0113
0.0, 1.0, 0.1, 0.1, 8.0, SKS, 3, TW0114
0.0, 1.0, 0.1, 0.1, 8.0, SKS, 3, TW0115
0.0, 1.0, 0.1, 0.1, 8.0, SKS, 3, TW0116
0.0, 1.0, 0.1, 0.1, 8.0, SKS, 3, TW0117
0.0, 1.0, 0.1, 0.1, 8.0, SKS, 3, TW0118
0.0, 1.0, 0.1, 0.1, 8.0, SKS, 3, TW0119
0.0, 1.0, 0.1, 0.1, 8.0, SKS, 3, TW0120
0.0, 1.0, 0.1, 0.1, 8.0, SKS, 3, TW0121
0.0, 1.0, 0.1, 0.1, 8.0, SKS, 3, TW0122
0.0, 1.0, 0.1, 0.1, 8.0, SKS, 3, TW0123
0.0, 1.0, 0.1, 0.1, 8.0, SKS, 3, TW0124
0.0, 1.0, 0.1, 0.1, 8.0, SKS, 3, TW0125
0.0, 1.0, 0.1, 0.1, 8.0, SKS, 3, TW0126
0.0, 1.0, 0.1, 0.1, 8.0, SKS, 3, TW0127
0.0, 1.0, 0.1, 0.1, 8.0, SKS, 3, TW0128
0.0, 1.0, 0.1, 0.1, 8.0, SKS, 3, TW0129
0.0, 1.0, 0.1, 0.1, 8.0, SKS, 3, TW0130
0.0, 1.0, 0.1, 0.1, 8.0, SKS, 3, TW0131
0.0, 1.0, 0.1, 0.1, 8.0, SKS, 3, TW0132
0.0, 1.0, 0.1, 0.1, 8.0, SKS, 3, TW0133
0.0, 1.0, 0.1, 0.1, 8.0, SKS, 3, TW0134
0.0, 1.0, 0.1, 0.1, 8.0, SKS, 3, TW0135
0.0, 1.0, 0.1, 0.1, 8.0, SKS, 3, TW0136
0.0, 1.0, 0.1, 0.1, 8.0, SKS, 3, TW0137
0.0, 1.0, 0.1, 0.1, 8.0, SKS, 3, TW0138
0.0, 1.0, 0.1, 0.1, 8.0, SKS, 3, TW0139
0.0, 1.0, 0.1, 0.1, 8.0, SKS, 3, TW0140
0.0, 1.0, 0.1, 0.1, 8.0, SKS, 3, TW0141
0.0, 1.0, 0.1, 0.1, 8.0, SKS, 3, TW0142
0.0, 1.0, 0.1, 0.1, 8.0, SKS, 3, TW0143
0.0, 1.0, 0.1, 0.1, 8.0, SKS, 3, TW0144
0.0, 1.0, 0.1, 0.1, 8.0, SKS, 3, TW0145
0.0, 1.0, 0.1, 0.1, 8.0, SKS, 3, TW0146
0.0, 1.0, 0.1, 0.1, 8.0, SKS, 3, TW0147
0.0, 1.0, 0.1, 0.1, 8.0, SKS, 3, TW0148
0.0, 1.0, 0.1, 0.1, 8.0, SKS, 3, TW0149
0.0, 1.0, 0.1, 0.1, 8.0, SKS, 3, TW0150
0.0, 1.0, 0.1, 0.1, 8.0, SKS, 3, TW0151
0.0, 1.0, 0.1, 0.1, 8.0, SKS, 3, TW0152
0.0, 1.0, 0.1, 0.1, 8.0, SKS, 3, TW0153
0.0, 1.0, 0.1, 0.1, 8.0, SKS, 3, TW0154
0.0, 1.0, 0.1, 0.1, 8.0, SKS, 3, TW0155
0.0, 1.0, 0.1, 0.1, 8.0, SKS, 3, TW0156
0.0, 1.0, 0.1, 0.1, 8.0, SKS, 3, TW0157
0.0, 1.0, 0.1, 0.1, 8.0, SKS, 3, TW0158
0.0, 1.0, 0.1, 0.1, 8.0, SKS, 3, TW0159
0.0, 1.0, 0.1, 0.1, 8.0, SKS, 3, TW0160
0.0, 1.0, 0.1, 0.1, 8.0, SKS, 3, TW0161
0.0, 1.0, 0.1, 0.1, 8.0, SKS, 3, TW0162
0.0, 1.0, 0.1, 0.1, 8.0, SKS, 3, TW0163
0.0, 1.0, 0.1, 0.1, 8.0, SKS, 3, TW0164
0.0, 1.0, 0.1, 0.1, 8.0, SKS, 3, TW0165
0.0, 1.0, 0.1, 0.1, 8.0, SKS, 3, TW0166
0.0, 1.0, 0.1, 0.1, 8.0, SKS, 3, TW0167
0.0, 1.0, 0.1, 0.1, 8.0, SKS, 3, TW0168
0.0, 1.0, 0.1, 0.1, 8.0, SKS, 3, TW0169
0.0, 1.0, 0.1, 0.1, 8.0, SKS, 3, TW0170
0.0, 1.0, 0.1, 0.1, 8.0, SKS, 3, TW0171
0.0, 1.0, 0.1, 0.1, 8.0, SKS, 3, TW0172
0.0, 1.0, 0.1, 0.1, 8.0, SKS, 3, TW0173
0.0, 1.0, 0.1, 0.1, 8.0, SKS, 3, TW0174
0.0, 1.0, 0.1, 0.1, 8.0, SKS, 3, TW0175
0.0, 1.0, 0.1, 0.1, 8.0, SKS, 3, TW0176
0.0, 1.0, 0.1, 0.1, 8.0, SKS, 3, TW0177
0.0, 1.0, 0.1, 0.1, 8.0, SKS, 3, TW0178
0.0, 1.0, 0.1, 0.1, 8.0, SKS, 3, TW0179
0.0, 1.0, 0.1, 0.1, 8.0, SKS, 3, TW0180
0.0, 1.0, 0.1, 0.1, 8.0, SKS, 3, TW0181
0.0, 1.0, 0.1, 0.1, 8.0, SKS, 3, TW0182
0.0, 1.0, 0.1, 0.1, 8.0, SKS, 3, TW0183
0.0, 1.0, 0.1, 0.1, 8.0, SKS, 3, TW0184
0.0, 1.0, 0.1, 0.1, 8.0, SKS, 3, TW0185
0.0, 1.0, 0.1, 0.1, 8.0, SKS, 3, TW0186
0.0, 1.0, 0.1, 0.1, 8.0, SKS, 3, TW0187
0.0, 1.0, 0.1, 0.1, 8.0, SKS, 3, TW0188
0.0, 1.0, 0.1, 0.1, 8.0, SKS, 3, TW0189
0.0, 1.0, 0.1, 0.1, 8.0, SKS, 3, TW0190
0.0, 1.0, 0.1, 0.1, 8.0, SKS, 3, TW0191
0.0, 1.0, 0.1, 0.1, 8.0, SKS, 3, TW0192
0.0, 1.0, 0.1, 0.1, 8.0, SKS, 3, TW0193
0.0, 1.0, 0.1, 0.1, 8.0, SKS, 3, TW0194
0.0, 1.0, 0.1, 0.1, 8.0, SKS, 3, TW0195
0.0, 1.0, 0.1, 0.1, 8.0, SKS, 3, TW0196
0.0, 1.0, 0.1, 0.1, 8.0, SKS, 3, TW0197
0.0, 1.0, 0.1, 0.1, 8.0, SKS, 3, TW0198
0.0, 1.0, 0.1, 0.1, 8.0, SKS, 3, TW0199
0.0, 1.0, 0.1, 0.1, 8.0, SKS, 3, TW0200
0.0, 1.0, 0.1, 0.1, 8.0, SKS, 3, TW0201
0.0, 1.0, 0.1, 0.1, 8.0, SKS, 3, TW0202
0.0, 1.0, 0.1, 0.1, 8.0, SKS, 3, TW0203
0.0, 1.0, 0.1, 0.1, 8.0, SKS, 3, TW0204
0.0, 1.0, 0.1, 0.1, 8.0, SKS, 3, TW0205
0.0, 1.0, 0.1, 0.1, 8.0, SKS, 3, TW0206
0.0, 1.0, 0.1, 0.1, 8.0, SKS, 3, TW0207
0.0, 1.0, 0.1, 0.1, 8.0, SKS, 3, TW0208
0.0, 1.0, 0.1, 0.1, 8.0, SKS, 3, TW0209
0.0, 1.0, 0.1, 0.1, 8.0, SKS, 3, TW0210
0.0, 1.0, 0.1, 0.1, 8.0, SKS, 3, TW0211
0.0, 1.0, 0.1, 0.1, 8.0, SKS, 3, TW0212
0.0, 1.0, 0.1, 0.1, 8.0, SKS, 3, TW0213
0.0, 1.0, 0.1, 0.1, 8.0, SKS, 3, TW0214
0.0, 1.0, 0.1, 0.1, 8.0, SKS, 3, TW0215
0.0, 1.0, 0.1, 0.1, 8.0, SKS, 3, TW0216
0.0, 1.0, 0.1, 0.1, 8.0, SKS, 3, TW0217
0.0, 1.0, 0.1, 0.1, 8.0, SKS, 3, TW0218
0.0, 1.0, 0.1, 0.1, 8.0, SKS, 3, TW0219
0.0, 1.0, 0.1, 0.1, 8.0, SKS, 3, TW0220
0.0, 1.0, 0.1, 0.1, 8.0, SKS, 3, TW0221
0.0, 1.0, 0.1, 0.1, 8.0, SKS, 3, TW0222
0.0, 1.0, 0.1, 0.1, 8.0, SKS, 3, TW0223
0.0, 1.0, 0.1, 0.1, 8.0, SKS, 3, TW0224
0.0, 1.0, 0.1, 0.1, 8.0, SKS, 3, TW0225
0.0, 1.0, 0.1, 0.1, 8.0, SKS, 3, TW0226
0.0, 1.0, 0.1, 0.1, 8.0, SKS, 3, TW0227
0.0, 1.0, 0.1, 0.1, 8.0, SKS, 3, TW0228
0.0, 1.0, 0.1, 0.1, 8.0, SKS, 3, TW0229
0.0, 1.0, 0.1, 0.1, 8.0, SKS, 3, TW0230
0.0, 1.0, 0.1, 0.1, 8.0, SKS, 3, TW0231
0.0, 1.0, 0.1, 0.1, 8.0, SKS, 3, TW0232
0.0, 1.0, 0.1, 0.1, 8.0, SKS, 3, TW0233
0.0, 1.0, 0.1, 0.1, 8.0, SKS, 3, TW0234
0.0, 1.0, 0.1, 0.1, 8.0, SKS, 3, TW0235
0.0, 1.0, 0.1, 0.1, 8.0, SKS, 3, TW0236
0.0, 1.0, 0.1, 0.1, 8.0, SKS, 3, TW0237
0.0, 1.0, 0.1, 0.1, 8.0, SKS, 3, TW0238
0.0, 1.0, 0.1, 0.1, 8.0, SKS, 3, TW0239
0.0, 1.0, 0.1, 0.1, 8.0, SKS, 3, TW0240
0.0, 1.0, 0.1, 0.1, 8.0, SKS, 3, TW0241
0.0, 1.0, 0.1, 0.1, 8.0, SKS, 3, TW0242
0.0, 1.0, 0.1, 0.1, 8.0, SKS, 3, TW0243
0.0, 1.0, 0.1, 0.1, 8.0, SKS, 3, TW0244
0.0, 1.0, 0.1, 0.1, 8.0, SKS, 3, TW0245
0.0, 1.0, 0.1, 0.1, 8.0, SKS, 3, TW0246
0.0, 1.0, 0.1, 0.1, 8.0, SKS, 3, TW0247
0.0, 1.0, 0.1, 0.1, 8.0, SKS, 3, TW0248
0.0, 1.0, 0.1, 0.1, 8.0, SKS, 3, TW0249
0.0, 1.0, 0.1, 0.1, 8.0, SKS, 3, TW0250
0.0, 1.0, 0.1, 0.1, 8.0, SKS, 3, TW0251
0.0, 1.0, 0.1, 0.1, 8.0, SKS, 3, TW0252
0.0, 1.0, 0.1, 0.1, 8.0, SKS, 3, TW0253
0.0, 1.0, 0.1, 0.1, 8.0, SKS, 3, TW0254
0.0, 1.0, 0.1, 0.1, 8.0, SKS, 3, TW0255
0.0, 1.0, 0.1, 0.1, 8.0, SKS, 3, TW0256
0.0, 1.0, 0.1, 0.1, 8.0, SKS, 3, TW0257
0.0, 1.0, 0.1, 0.1, 8.0, SKS, 3, TW0258
0.0, 1.0, 0.1, 0.1, 8.0, SKS, 3, TW0259
0.0, 1.0, 0.1, 0.1, 8.0, SKS, 3, TW0260
0.0, 1.0, 0.1, 0.1, 8.0, SKS, 3, TW0261
0.0, 1.0, 0.1, 0.1, 8.0, SKS, 3, TW0262
0.0, 1.0, 0.1, 0.1, 8.0, SKS, 3, TW0263
0.0, 1.0, 0.1, 0.1, 8.0, SKS, 3, TW0264
0.0, 1.0, 0.1, 0.1, 8.0, SKS, 3, TW0265
0.0, 1.0, 0.1, 0.1, 8.0, SKS, 3, TW0266
0.0, 1.0, 0.1, 0.1, 8.0, SKS, 3, TW0267
0.0, 1.0, 0.1, 0.1, 8.0, SKS, 3, TW0268
0.0, 1.0, 0.1, 0.1, 8.0, SKS, 3, TW0269
0.0, 1.0, 0.1, 0.1, 8.0, SKS, 3, TW0270
0.0, 1.0, 0.1, 0.1, 8.0, SKS, 3, TW0271
0.0, 1.0, 0.1, 0.1, 8.0, SKS, 3, TW0272
0.0, 1.0, 0.1, 0.1, 8.0, SKS, 3, TW0273
0.0, 1.0, 0.1, 0.1, 8.0, SKS, 3, TW0274
0.0, 1.0, 0.1, 0.1, 8.0, SKS, 3, TW0275
0.0, 1.0, 0.1, 0.1, 8.0, SKS, 3, TW0276
0.0, 1.0, 0.1, 0.1, 8.0, SKS, 3, TW0277
0.0, 1.0, 0.1, 0.1, 8.0, SKS, 3, TW0278
0.0, 1.0, 0.1, 0.1, 8.0, SKS, 3, TW0279
0.0, 1.0, 0.1, 0.1, 8.0, SKS, 3, TW0280
0.0, 1.0, 0.1, 0.1, 8.0, SKS, 3, TW0281
0.0, 1.0, 0.1, 0.1, 8.0, SKS, 3, TW0282
0.0, 1.0, 0.1, 0.1, 8.0, SKS, 3, TW0283
0.0, 1.0, 0.1, 0.1, 8.0, SKS, 3, TW0284
0.0, 1.0, 0.1, 0.1, 8.0, SKS, 3, TW0285
0.0, 1.0, 0.1, 0.1, 8.0, SKS, 3, TW0286
0.0, 1.0, 0.1, 0.1, 8.0, SKS, 3, TW0287
0.0, 1.0, 0.1, 0.1, 8.0, SKS, 3, TW0288
0.0, 1.0, 0.1, 0.1, 8.0, SKS, 3, TW0289
0.0, 1.0, 0.1, 0.1, 8.0, SKS, 3, TW0290
0.0, 1.0, 0.1, 0.1, 8.0, SKS, 3, TW0291
0.0, 1.0, 0.1, 0.1, 8.0, SKS, 3, TW0292
0.0, 1.0, 0.1, 0.1, 8.0, SKS, 3, TW0293
0.0, 1.0, 0.1, 0.1, 8.0, SKS, 3, TW0294
0.0, 1.0, 0.1, 0.1, 8.0, SKS, 3, TW0295
0.0, 1.0, 0.1, 0.1, 8.0, SKS, 3, TW0296
0.0, 1.0, 0.1, 0.1, 8.0, SKS, 3, TW0297
0.0, 1.0, 0.1, 0.1, 8.0, SKS, 3, TW0298
0.0, 1.0, 0.1, 0.1, 8.0, SKS, 3, TW0299
0.0, 1.0, 0.1, 0.1, 8.0, SKS, 3, TW0300
0.0, 1.0, 0.1, 0.1, 8.0, SKS, 3, TW0301
0.0, 1.0, 0.1, 0.1, 8.0, SKS, 3, TW0302
0.0, 1.0, 0.1, 0.1, 8.0, SKS, 3, TW0303
0.0, 1.0, 0.1, 0.1, 8.0, SKS, 3, TW0304
0.0, 1.0, 0.1, 0.1, 8.0, SKS, 3, TW0305
0.0, 1.0, 0.1, 0.1, 8.0, SKS, 3, TW0306
0.0, 1.0, 0.1, 0.1, 8.0, SKS, 3, TW0307
0.0, 1.0, 0.1, 0.1, 8.0, SKS, 3, TW0308
0.0, 1.0, 0.1, 0.1, 8.0, SKS, 3, TW0309
0.0, 1.0, 0.1, 0.1, 8.0, SKS, 3, TW0310
0.0, 1.0, 0.1, 0.1, 8.0, SKS, 3, TW0311
0.0, 1.0, 0.1, 0.1, 8.0, SKS, 3, TW0312
0.0, 1.0, 0.1, 0.1, 8.0, SKS, 3, TW0313
0.0, 1.0, 0.1, 0.1, 8.0, SKS, 3, TW0314
0.0, 1.0, 0.1, 0.1, 8.0, SKS, 3, TW0315
0.0, 1.0, 0.1, 0.1, 8.0, SKS, 3, TW0316
0.0, 1.0, 0.1, 0.1, 8.0, SKS, 3, TW0317
0.0, 1.0, 0.1, 0.1, 8.0, SKS, 3, TW0318
0.0, 1.0, 0.1, 0.1, 8.0, SKS, 3, TW0319
0.0, 1.0, 0.1, 0.1, 8.0, SKS, 3, TW0320
0.0, 1.0, 0.1, 0.1, 8.0, SKS, 3, TW0321
0.0, 1.0, 0.1, 0.1, 8.0, SKS, 3, TW0322
0.0, 1.0, 0.1, 0.1, 8.0, SKS, 3, TW0323
0.0, 1.0, 0.1, 0.1, 8.0, SKS, 3, TW0324
0.0, 1.0, 0.1, 0.1, 8.0, SKS, 3, TW0325
0.0, 1.0, 0.1, 0.1, 8.0, SKS, 3, TW0326
0.0, 1.0, 0.1, 0.1, 8.0, SKS, 3, TW0327
0.0, 1.0, 0.1, 0.1, 8.0, SKS, 3, TW0328
0.0, 1.0, 0.1, 0.1, 8.0, SKS, 3, TW0329
0.0, 1.0, 0.1, 0.1, 8.0, SKS, 3, TW0330
0.0, 1.0, 0.1, 0.1, 8.0, SKS, 3, TW0331
0.0, 1.0, 0.1, 0.1, 8.0, SKS, 3, TW0332
0.0, 1.0, 0.1, 0.1, 8.0, SKS, 3, TW0333
0.0, 1.0, 0.1, 0.1, 8.0, SKS, 3, TW0334
0.0, 1.0, 0.1, 0.1, 8.0, SKS, 3, TW0335
0.0, 1.0, 0.1, 0.1, 8.0, SKS, 3, TW0336
0.0, 1.0, 0.1, 0.1, 8.0, SKS, 3, TW0337
0.0, 1.0, 0.1, 0.1, 8.0, SKS, 3, TW0338
0.0, 1.0, 0.1, 0.1, 8.0, SKS, 3, TW0339
0.0, 1.0, 0.1, 0.1, 8.0, SKS, 3, TW0340
0.0, 1.0, 0.1, 0.1, 8.0, SKS, 3, TW0341
0.0, 1.0, 0.1, 0.1, 8.0, SKS, 3, TW0342
0.0, 1.0, 0.1, 0.1, 8.0, SKS, 3, TW0343
0.0, 1.0, 0.1, 0.1, 8.0, SKS, 3, TW0344
0.0, 1.0, 0.1, 0.1, 8.0, SKS, 3, TW0345
0.0, 1.0, 0.1, 0.1, 8.0, SKS, 3, TW0346
0.0, 1.0, 0.1, 0.1, 8.0, SKS, 3, TW0347
0.0, 1.0, 0.1, 0.1, 8.0, SKS, 3, TW0348
0.0, 1.0, 0.1, 0.1, 8.0, SKS, 3, TW0349
0.0, 1.0, 0.1, 0.1, 8.0, SKS, 3, TW0350
0.0, 1.0, 0.1, 0.1, 8.0, SKS, 3, TW0351
0.0, 1.0, 0.1, 0.1, 8.0, SKS, 3, TW0352
0.0, 1.0, 0.1, 0.1, 8.0, SKS, 3, TW0353
0.0, 1.0, 0.1, 0.1, 8.0, SKS, 3, TW0354
0.0, 1.0, 0.1, 0.1, 8.0, SKS, 3, TW0355
0.0, 1.0, 0.1, 0.1, 8.0, SKS, 3, TW0356
0.0, 1.0, 0.1, 0.1, 8.0, SKS, 3, TW0357
0.0, 1.0, 0.1, 0.1, 8.0, SKS, 3, TW0358
0.0, 1.0, 0.1, 0.1, 8.0, SKS, 3, TW0359
0.0, 1.0, 0.1, 0.1, 8.0, SKS, 3, TW0360
0.0, 1.0, 0.1, 0.1, 8.0, SKS, 3, TW0361
0.0, 1.0, 0.1, 0.1, 8.0, SKS, 3, TW0362
0.0, 1.0, 0.1, 0.1, 8.0, SKS, 3, TW0363
0.0, 1.0, 0.1, 0.1, 8.0, SKS, 3, TW0364
0.0, 1.0, 0.1, 0.1, 8.0, SKS, 3, TW0365
0.0, 1.0, 0.1, 0.1, 8.0, SKS, 3, TW0366
0.0, 1.0, 0.1, 0.1, 8.0, SKS, 3, TW0367
0.0, 1.0, 0.1, 0.1, 8.0, SKS, 3, TW0368
0.0, 1.0, 0.1, 0.1, 8.0, SKS, 3, TW0369
0.0, 1.0, 0.1, 0.1, 8.0, SKS, 3, TW0370
0.0, 1.0, 0.1, 0.1, 8.0, SKS, 3, TW0371
0.0, 1.0, 0.1, 0.1, 8.0, SKS, 3, TW0372
0.0, 1.0, 0.1, 0.1, 8.0, SKS, 3, TW0373
0.0, 1.0, 0.1, 0.1, 8.0, SKS, 3, TW0374
0.0, 1.0, 0.1, 0.1, 8.0, SKS, 3, TW0375
0.0, 1.0, 0.1, 0.1, 8.0, SKS, 3, TW0376
0.0, 1.0, 0.1, 0.1, 8.0, SKS, 3, TW0377
0.0, 1.0, 0.1, 0.1, 8.0, SKS, 3, TW0378
0.0, 1.0, 0.1, 0.1, 8.0, SKS, 3, TW0379
0.0, 1.0, 0.1, 0.1, 8.0, SKS, 3, TW0380
0.0, 1.0, 0.1, 0.1, 8.0, SKS, 3, TW0381
0.0, 1.0, 0.1, 0.1, 8.0, SKS, 3, TW0382
0.0, 1.0, 0.1, 0.1, 8.0, SKS, 3, TW0383
0.0, 1.0, 0.1, 0.1, 8.0, SKS, 3, TW0384
0.0, 1.0, 0.1, 0.1, 8.0, SKS, 3, TW0385
0.0, 1.0, 0.1, 0.1, 8.0, SKS, 3, TW0386
0.0, 1.0, 0.1, 0.1, 8.0, SKS, 3, TW0387
0.0, 1.0, 0.1, 0.1, 8.0, SKS, 3, TW0388
0.0, 1.0, 0.1, 0.1, 8.0, SKS, 3, TW0389
0.0, 1.0, 0.1, 0.1, 8.0, SKS, 3, TW0390
0.0, 1.0, 0.1, 0.1, 8.0, SKS, 3, TW0391
0.0, 1.0, 0.1, 0.1, 8.0, SKS, 3, TW0392
0.0, 1.0, 0.1, 0.1, 8.0, SKS, 3, TW0393
0.0, 1.0, 0.1, 0.1, 8.0, SKS, 3, TW0394
0.0, 1.0, 0.1, 0.1, 8.0, SKS, 3, TW0395
0.0, 1.0, 0.1, 0.1, 8.0, SKS, 3, TW0396
0.0, 1.0, 0.1, 0.1, 8.0, SKS, 3, TW0397
0.0, 1.0, 0.1, 0.1, 8.0, SKS, 3, TW0398
0.0, 1.0, 0.1, 0.1, 8.0, SKS, 3, TW0399
0.0, 1.0, 0.1, 0.1, 8.0, SKS, 3, TW0400
0.0, 1.0, 0.1, 0.1, 8.0, SKS, 3, TW0401
0.0, 1.0, 0.1, 0.1, 8.0, SKS, 3, TW0402
0.0, 1.0, 0.1, 0.1, 8.0, SKS, 3, TW0403
0.0, 1.0, 0.1, 0.1, 8.0, SKS, 3, TW0404
0.0, 1.0, 0.1, 0.1, 8.0, SKS, 3, TW0405
0.0, 1.0, 0.1, 0.1, 8.0, SKS, 3, TW0406
0.0, 1.0, 0.1, 0.1, 8.0, SKS, 3, TW0407
0.0, 1.0, 0.1, 0.1, 8.0, SKS, 3, TW0408
0.0, 1.0, 0.1, 0.1, 8.0, SKS, 3, TW0409
0.0, 1.0, 0.1, 0.1, 8.0, SKS, 3, TW0410
0.0, 1.0, 0.1, 0.1, 8.0, SKS, 3, TW0411
0.0, 1.0, 0.1, 0.1, 8.0, SKS, 3, TW0412
0.0, 1.0, 0.1, 0.1, 8.0, SKS, 3, TW0413
0.0, 1.0, 0.1, 0.1, 8.0, SKS, 3, TW0414
0.0, 1.0, 0.1, 0.1, 8.0, SKS, 3, TW0415
0.0, 1.0, 0.1, 0.1, 8.0, SKS, 3, TW0416
0.0, 1.0, 0.1, 0.1, 8.0, SKS, 3, TW0417
0.0, 1.0, 0.1, 0.1, 8.0, SKS, 3, TW0418
0.0, 1.0, 0.1, 0.1, 8.0, SKS, 3, TW0419
0.0, 1.0, 0.1, 0.1, 8.0, SKS, 3, TW0420
0.0, 1.0, 0.1, 0.1, 8.0, SKS, 3, TW0421
0.0, 1.0, 0.1, 0.1, 8.0, SKS, 3, TW0422
0.0, 1.0, 0.1, 0.1, 8.0, SKS, 3, TW0423
0.0, 1.0, 0.1, 0.1, 8.0, SKS, 3, TW0424
0.0, 1.0, 0.1, 0.1, 8.0, SKS, 3, TW0425
0.0, 1.0, 0.1, 0.1, 8.0, SKS, 3, TW0426
0.0, 1.0, 0.1, 0.1, 8.0, SKS, 3, TW0427
0.0, 1.0, 0.1, 0.1, 8.0, SKS, 3, TW0428
0.0, 1.0, 0.1, 0.1, 8.0, SKS, 3, TW0429
0.0, 1.0, 0.1, 0.1, 8.0, SKS, 3, TW0430
0.0, 1.0, 0.1, 0.1, 8.0, SKS, 3, TW0431
0.0, 1.0, 0.1, 0.1, 8.0, SKS, 3, TW0432
0.0, 1.0, 0.1, 0.1, 8.0, SKS, 3, TW0433
0.0, 1.0, 0.1, 0.1, 8.0, SKS, 3, TW0434
0.0, 1.0, 0.1, 0.1, 8.0, SKS, 3, TW0435
0.0, 1.0, 0.1, 0.1, 8.0, SKS, 3, TW0436
0.0, 1.0, 0.1, 0.1, 8.0, SKS, 3, TW0437
0.0, 1.0, 0.1, 0.1, 8.0, SKS, 3, TW0438
0.0, 1.0, 0.1, 0.1, 8.0, SKS, 3, TW0439
0.0, 1.0, 0.1, 0.1, 8.0, SKS, 3, TW0440
0.0, 1.0, 0.1, 0.1, 8.0, SKS, 3, TW0441
0.0, 1.0, 0.1, 0.1, 8.0, SKS, 3, TW0442
0.0, 1.0, 0.1, 0.1, 8.0, SKS, 3, TW0443
0.0, 1.0, 0.1, 0.1, 8.0, SKS, 3, TW0444
0.0, 1.0, 0.1, 0.1, 8.0, SKS, 3, TW0445
0.0, 1.0, 0.1, 0.1, 8.0, SKS, 3, TW0446
0.0, 1.0, 0.1, 0.1, 8.0, SKS, 3, TW0447
0.0, 1.0, 0.1, 0.1, 8.0, SKS, 3, TW0448
0.0, 1.0, 0.1, 0.1, 8.0, SKS, 3, TW0449
0.0, 1.0, 0.1, 0.1, 8.0, SKS, 3, TW0450
0.0, 1.0, 0.1, 0.1, 8.0, SKS, 3, TW0451
0.0, 1.0, 0.1, 0.1, 8.0, SKS, 3, TW0452
0.0, 1.0, 0.1, 0.1, 8.0, SKS, 3, TW0453
0.0, 1.0, 0.1, 0.1, 8.0, SKS, 3, TW0454
0.0, 1.0, 0.1, 0.1, 8.0, SKS, 3, TW0455
0.0, 1.0, 0.1, 0.1, 8.0, SKS, 3, TW0456
0.0, 1.0, 0.1, 0.1, 8.0, SKS, 3, TW0457
0.0, 1.0, 0.1, 0.1, 8.0, SKS, 3, TW0458
0.0, 1.0, 0.1, 0.1, 8.0, SKS, 3, TW0459
0.0, 1.0, 0.1, 0.1, 8.0, SKS, 3, TW0460
0.0, 1.0, 0.1, 0.1, 8.0, SKS, 3, TW0461
0.0, 1.0, 0.1, 0.1, 8.0, SKS, 3, TW0462
0.0, 1.0, 0.1, 0.1, 8.0, SKS, 3, TW0463
0.0, 1.0, 0.1, 0.1, 8.0, SKS, 3, TW0464
0.0, 1.0, 0.1, 0.1, 8.0, SKS, 3, TW0465
0.0, 1.0, 0.1, 0.1, 8.0, SKS, 3, TW0466
0.0, 1.0, 0.1, 0.1, 8.0, SKS, 3, TW0467
0.0, 1.0, 0.1, 0.1, 8.0, SKS, 3, TW0468
0.0, 1.0, 0.1, 0.1, 8.0, SKS, 3, TW0469
0.0, 1.0, 0.1, 0.1, 8.0, SKS, 3, TW0470
0.0, 1.0, 0.1, 0.1, 8.0, SKS, 3, TW0471
0.0, 1.0, 0.1, 0.1, 8.0, SKS, 3, TW0472
0.0, 1.0, 0.1, 0.1, 8.0, SKS, 3, TW0473
0.0, 1.0, 0.1, 0.1, 8.0, SKS, 3, TW0474
0.0, 1.0, 0.1, 0.1, 8.0, SKS, 3, TW0475
0.0, 1.0, 0.1, 0.1, 8.0, SKS, 3, TW0476
0.0, 1.0, 0.1, 0.1, 8.0, SKS, 3, TW0477
0.0, 1.0, 0.1, 0.1, 8.0, SKS, 3, TW0478
0.0, 1.0, 0.1, 0.1, 8.0, SKS, 3, TW0479
0.0, 1.0, 0.1, 0.1, 8.0, SKS, 3, TW0480
0.0, 1.0, 0.1, 0.1, 8.0, SKS, 3, TW0481
0.0, 1.0, 0.1, 0.1, 8.0, SKS, 3, TW0482
0.0, 1.0, 0.1, 0.1, 8.0, SKS, 3, TW0483
0.0, 1.0, 0.1, 0.1, 8.0, SKS, 3, TW0484
0.0, 1.0, 0.1, 0.1, 8.0, SKS, 3, TW0485
0.0, 1.0, 0.1, 0.1, 8.0, SKS, 3, TW0486
0.0, 1.0, 0.1, 0.1, 8.0, SKS, 3, TW0487
0.0, 1.0, 0.1, 0.1, 8.0, SKS, 3, TW0488
0.0, 1.0, 0.1, 0.1, 8.0, SKS, 3, TW0489
0.0, 1.0, 0.1, 0.1, 8.0, SKS, 3, TW0490
0.0, 1.0, 0.1, 0.1, 8.0, SKS, 3, TW0491
0.0, 1.0, 0.1, 0.1, 8.0, SKS, 3, TW0492
0.0, 1.0, 0.1, 0.1, 8.0, SKS, 3, TW0493
0.0, 1.0, 0.1, 0.1, 8.0, SKS, 3, TW0494
0.0, 1.0, 0.1, 0.1, 8.0, SKS, 3, TW0495
0.0, 1.0, 0.1, 0.1, 8.0, SKS, 3, TW0496
0.0, 1.0, 0.1, 0.1, 8.0, SKS, 3, TW0497
0.0, 1.0, 0.1, 0.1, 8.0, SKS, 3, TW0498
0.0, 1.0, 0.1, 0.1, 8.0, SKS, 3, TW0499
0.0, 1.0, 0.1, 0.1, 8.0, SKS, 3, TW0500
0.0, 1.0, 0.1, 0.1, 8.0, SKS, 3, TW0501
0.0, 1.0, 0.1, 0.1, 8.0, SKS, 3, TW0502
0.0, 1.0, 0.1, 0.1, 8.0, SKS, 3, TW0503
0.0, 1.0, 0.1, 0.1, 8.0, SKS, 3, TW0504
0.0, 1.0, 0.1, 0.1, 8.0, SKS, 3, TW0505
0.0, 1.0, 0.1, 0.1, 8.0, SKS, 3, TW0506
0.0, 1.0, 0.1, 0.1, 8.0, SKS, 3, TW0507
0.0, 1.0, 0.1, 0.1, 8.0, SKS, 3, TW0508
0.0, 1.0, 0.1, 0.1, 8.0, SKS, 3, TW0509
0.0, 1.0, 0.1, 0.1, 8.0, SKS, 3, TW0510
0.0, 1.0, 0.1, 0.1, 8.0, SKS, 3, TW0511
0.0, 1.0, 0.1, 0.1, 8.0, SKS, 3, TW0512
0.0, 1.0, 0.1, 0.1, 8.0, SKS, 3, TW0513
0.0, 1.0, 0.1, 0.1, 8.0, SKS, 3, TW0514
0.0, 1.0, 0.1, 0.1, 8.0, SKS, 3, TW0515
0.0, 1.0, 0.1, 0.1, 8.0, SKS, 3, TW0516
0.0, 1.0, 0.1, 0.1, 8.0, SKS, 3, TW0517
0.0, 1.0, 0.1, 0.1, 8.0, SKS, 3, TW0518
0.0, 1.0, 0.1, 0.1, 8.0, SKS, 3, TW0519
0.0, 1.0, 0.1, 0.1, 8.0, SKS, 3, TW0520
0.0, 1.0, 0.1, 0.1, 8.0, SKS, 3, TW0521
0.0, 1.0, 0.1, 0.1, 8.0, SKS, 3, TW0522
0.0, 1.0, 0.1, 0.1, 8.0, SKS, 3, TW0523
0.0, 1.0, 0.1, 0.1, 8.0, SKS, 3, TW0524
0.0, 1.0, 0.1, 0.1, 8.0, SKS, 3, TW0525
0.0, 1.0, 0.1, 0.1, 8.0, SKS, 4, TW0001
0.0, 1.0, 0.1, 0.1, 8.0, SKS, 4, TW0002
0.0, 1.0, 0.1, 0.1, 8.0, SKS, 4, TW0003
0.0, 1.0, 0.1, 0.1, 8.0, SKS, 4, TW0004
0.0, 1.0, 0.1, 0.1, 8.0, SKS, 4, TW0005
0.0, 1.0, 0.1, 0.1, 8.0, SKS, 4, TW0006
0.0, 1.0, 0.1, 0.1, 8.0, SKS, 4, TW0007
0.0, 1.0, 0.1, 0.1, 8.0, SKS, 4, TW0008
0.0, 1.0, 0.1, 0.1, 8.0, SKS, 4, TW0009
0.0, 1.0, 0.1, 0.1, 8.0, SKS, 4, TW0010
0.0, 1.0, 0.1, 0.1, 8.0, SKS, 4, TW0011
0.0, 1.0, 0.1, 0.1, 8.0, SKS, 4, TW0012
0.0, 1.0, 0.1, 0.1, 8.0, SKS, 4, TW0013
0.0, 1.0, 0.1, 0.1, 8.0, SKS, 4, TW0014
0.0, 1.0, 0.1, 0.1, 8.0, SKS, 4, TW0015
0.0, 1.0, 0.1, 0.1, 8.0, SKS, 4, TW0016
0.0, 1.0, 0.1, 0.1, 8.0, SKS, 4, TW0017
0.0, 1.0, 0.1, 0.1, 8.0, SKS, 4, TW0018
0.0, 1.0, 0.1, 0.1, 8.0, SKS, 4, TW0019
0.0, 1.0, 0.1, 0.1, 8.0, SKS, 4, TW0020
0.0, 1.0, 0.1, 0.1, 8.0, SKS, 4, TW0021
0.0, 1.0, 0.1, 0.1, 8.0, SKS, 4, TW0022
0.0, 1.0, 0.1, 0.1, 8.0, SKS, 4, TW0023
0.0, 1.0, 0.1, 0.1, 8.0, SKS, 4, TW0024
0.0, 1.0, 0.1, 0.1, 8.0, SKS, 4, TW0025
0.0, 1.0, 0.1, 0.1, 8.0, SKS, 4, TW0026
0.0, 1.0, 0.1, 0.1, 8.0, SKS, 4, TW0027
0.0, 1.0, 0.1, 0.1, 8.0, SKS, 4, TW0028
0.0, 1.0, 0.1, 0.1, 8.0, SKS, 4, TW0029
0.0, 1.0, 0.1, 0.1, 8.0, SKS, 4, TW0030
0.0, 1.0, 0.1, 0.1, 8.0, SKS, 4, TW0031
0.0, 1.0, 0.1, 0.1, 8.0, SKS, 4, TW0032
0.0, 1.0, 0.1, 0.1, 8.0, SKS, 4, TW0033
0.0, 1.0, 0.1, 0.1, 8.0, SKS, 4, TW0034
0.0, 1.0, 0.1, 0.1, 8.0, SKS, 4, TW0035
0.0, 1.0, 0.1, 0.1, 8.0, SKS, 4, TW0036
0.0, 1.0, 0.1, 0.1, 8.0, SKS, 4, TW0037
0.0, 1.0, 0.1, 0.1, 8.0, SKS, 4, TW0038
0.0, 1.0, 0.1, 0.1, 8.0, SKS, 4, TW0039
0.0, 1.0, 0.1, 0.1, 8.0, SKS, 4, TW0040
0.0, 1.0, 0.1, 0.1, 8.0, SKS, 4, TW0041
0.0, 1.0, 0.1, 0.1, 8.0, SKS, 4, TW0042
0.0, 1.0, 0.1, 0.1, 8.0, SKS, 4, TW0043
0.0, 1.0, 0.1, 0.1, 8.0, SKS, 4, TW0044
0.0, 1.0, 0.1, 0.1, 8.0, SKS, 4, TW0045
0.0, 1.0, 0.1, 0.1, 8.0, SKS, 4, TW0046
0.0, 1.0, 0.1, 0.1, 8.0, SKS, 4, TW0047
0.0, 1.0, 0.1, 0.1, 8.0, SKS, 4, TW0048
0.0, 1.0, 0.1, 0.1, 8.0, SKS, 4, TW0049
0.0, 1.0, 0.1, 0.1, 8.0, SKS, 4, TW0050
0.0, 1.0, 0.1, 0.1, 8.0, SKS, 4, TW0051
0.0, 1.0, 0.1, 0.1, 8.0, SKS, 4, TW0052
0.0, 1.0, 0.1, 0.1, 8.0, SKS, 4, TW0053
0.0, 1.0, 0.1, 0.1, 8.0, SKS, 4, TW0054
0.0, 1.0, 0.1, 0.1, 8.0, SKS, 4, TW0055
0.0, 1.0, 0.1, 0.1, 8.0, SKS, 4, TW0056
0.0, 1.0, 0.1, 0.1, 8.0, SKS, 4, TW0057
0.0, 1.0, 0.1, 0.1, 8.0, SKS, 4, TW0058
0.0, 1.0, 0.1, 0.1, 8.0, SKS, 4, TW0059
0.0, 1.0, 0.1, 0.1, 8.0, SKS, 4, TW0060
0.0, 1.0, 0.1, 0.1, 8.0, SKS, 4, TW0061
0.0, 1.0, 0.1, 0.1, 8.0, SKS, 4, TW0062
0.0, 1.0, 0.1, 0.1, 8.0, SKS, 4, TW0063
0.0, 1.0, 0.1, 0.1, 8.0, SKS, 4, TW0064
0.0, 1.0, 0.1, 0.1, 8.0, SKS, 4, TW0065
0.0, 1.0, 0.1, 0.1, 8.0, SKS, 4, TW0066
0.0, 1.0, 0.1, 0.1, 8.0, SKS, 4, TW0067
0.0, 1.0, 0.1, 0.1, 8.0, SKS, 4, TW0068
0.0, 1.0, 0.1, 0.1, 8.0, SKS, 4, TW0069
0.0, 1.0, 0.1, 0.1, 8.0, SKS, 4, TW0070
0.0, 1.0, 0.1, 0.1, 8.0, SKS, 4, TW0071
0.0, 1.0, 0.1, 0.1, 8.0, SKS, 4, TW0072
0.0, 1.0, 0.1, 0.1, 8.0, SKS, 4, TW0073
0.0, 1.0, 0.1, 0.1, 8.0, SKS, 4, TW0074
0.0, 1.0, 0.1, 0.1, 8.0, SKS, 4, TW0075
0.0, 1.0, 0.1, 0.1, 8.0, SKS, 4, TW0076
0.0, 1.0, 0.1, 0.1, 8.0, SKS, 4, TW0077
0.0, 1.0, 0.1, 0.1, 8.0, SKS, 4, TW0078
0.0, 1.0, 0.1, 0.1, 8.0, SKS, 4, TW0079
0.0, 1.0, 0.1, 0.1, 8.0, SKS, 4, TW0080
0.0, 1.0, 0.1, 0.1, 8.0, SKS, 4, TW0081
0.0, 1.0, 0.1, 0.1, 8.0, SKS, 4, TW0082
0.0, 1.0, 0.1, 0.1, 8.0, SKS, 4, TW0083
0.0, 1.0, 0.1, 0.1, 8.0, SKS, 4, TW0084
0.0, 1.0, 0.1, 0.1, 8.0, SKS, 4, TW0085
0.0, 1.0, 0.1, 0.1, 8.0, SKS, 4, TW0086
0.0, 1.0, 0.1, 0.1, 8.0, SKS, 4, TW0087
0.0, 1.0, 0.1, 0.1, 8.0, SKS, 4, TW0088
0.0, 1.0, 0.1, 0.1, 8.0, SKS, 4, TW0089
0.0, 1.0, 0.1, 0.1, 8.0, SKS, 4, TW0090
0.0, 1.0, 0.1, 0.1, 8.0, SKS, 4, TW0091
0.0, 1.0, 0.1, 0.1, 8.0, SKS, 4, TW0092
0.0, 1.0, 0.1, 0.1, 8.0, SKS, 4, TW0093
0.0, 1.0, 0.1, 0.1, 8.0, SKS, 4, TW0094
0.0, 1.0, 0.1, 0.1, 8.0, SKS, 4, TW0095
0.0, 1.0, 0.1, 0.1, 8.0, SKS, 4, TW0096
0.0, 1.0, 0.1, 0.1, 8.0, SKS, 4, TW0097
0.0, 1.0, 0.1, 0.1, 8.0, SKS, 4, TW0098
0.0, 1.0, 0.1, 0.1, 8.0, SKS, 4, TW0099
0.0, 1.0, 0.1, 0.1, 8.0, SKS, 4, TW0100
0.0, 1.0, 0.1, 0.1, 8.0, SKS, 4, TW0101
0.0, 1.0, 0.1, 0.1, 8.0, SKS, 4, TW0102
0.0, 1.0, 0.1, 0.1, 8.0, SKS, 4, TW0103
0.0, 1.0, 0.1, 0.1, 8.0, SKS, 4, TW0104
0.0, 1.0, 0.1, 0.1, 8.0, SKS, 4, TW0105
0.0, 1.0, 0.1, 0.1, 8.0, SKS, 4, TW0106
0.0, 1.0, 0.1, 0.1, 8.0, SKS, 4, TW0107
0.0, 1.0, 0.1, 0.1, 8.0, SKS, 4, TW0108
0.0, 1.0, 0.1, 0.1, 8.0, SKS, 4, TW0109
0.0, 1.0, 0.1, 0.1, 8.0, SKS, 4, TW0110
0.0, 1.0, 0.1, 0.1, 8.0, SKS, 4, TW0111
0.0, 1.0, 0.1, 0.1, 8.0, SKS, 4, TW0112
0.0, 1.0, 0.1, 0.1, 8.0, SKS, 4, TW0113
0.0, 1.0, 0.1, 0.1, 8.0, SKS, 4, TW0114
0.0, 1.0, 0.1, 0.1, 8.0, SKS, 4, TW0115
0.0, 1.0, 0.1, 0.1, 8.0, SKS, 4, TW0116
0.0, 1.0, 0.1, 0.1, 8.0, SKS, 4, TW0117
0.0, 1.0, 0.1, 0.1, 8.0, SKS, 4, TW0118
0.0, 1.0, 0.1, 0.1, 8.0, SKS, 4, TW0119
0.0, 1.0, 0.1, 0.1, 8.0, SKS, 4, TW0120
0.0, 1.0, 0.1, 0.1, 8.0, SKS, 4, TW0121
0.0, 1.0, 0.1, 0.1, 8.0, SKS, 4, TW0122
0.0, 1.0, 0.1, 0.1, 8.0, SKS, 4, TW0123
0.0, 1.0, 0.1, 0.1, 8.0, SKS, 4, TW0124
0.0, 1.0, 0.1, 0.1, 8.0, SKS, 4, TW0125
0.0, 1.0, 0.1, 0.1, 8.0, SKS, 4, TW0126
0.0, 1.0, 0.1, 0.1, 8.0, SKS, 4, TW0127
0.0, 1.0, 0.1, 0.1, 8.0, SKS, 4, TW0128
0.0, 1.0, 0.1, 0.1, 8.0, SKS, 4, TW0129
0.0, 1.0, 0.1, 0.1, 8.0, SKS, 4, TW0130
0.0, 1.0, 0.1, 0.1, 8.0, SKS, 4, TW0131
0.0, 1.0, 0.1, 0.1, 8.0, SKS, 4, TW0132
0.0, 1.0, 0.1, 0.1, 8.0, SKS, 4, TW0133
0.0, 1.0, 0.1, 0.1, 8.0, SKS, 4, TW0134
0.0, 1.0, 0.1, 0.1, 8.0, SKS, 4, TW0135
0.0, 1.0, 0.1, 0.1, 8.0, SKS, 4, TW0136
0.0, 1.0, 0.1, 0.1, 8.0, SKS, 4, TW0137
0.0, 1.0, 0.1, 0.1, 8.0, SKS, 4, TW0138
0.0, 1.0, 0.1, 0.1, 8.0, SKS, 4, TW0139
0.0, 1.0, 0.1, 0.1, 8.0, SKS, 4, TW0140
0.0, 1.0, 0.1, 0.1, 8.0, SKS, 4, TW0141
0.0, 1.0, 0.1, 0.1, 8.0, SKS, 4, TW0142
0.0, 1.0, 0.1, 0.1, 8.0, SKS, 4, TW0143
0.0, 1.0, 0.1, 0.1, 8.0, SKS, 4, TW0144
0.0, 1.0, 0.1, 0.1, 8.0, SKS, 4, TW0145
0.0, 1.0, 0.1, 0.1, 8.0, SKS, 4, TW0146
0.0, 1.0, 0.1, 0.1, 8.0, SKS, 4, TW0147
0.0, 1.0, 0.1, 0.1, 8.0, SKS, 4, TW0148
0.0, 1.0, 0.1, 0.1, 8.0, SKS, 4, TW0149
0.0, 1.0, 0.1, 0.1, 8.0, SKS, 4, TW0150
0.0, 1.0, 0.1, 0.1, 8.0, SKS, 4, TW0151
0.0, 1.0, 0.1, 0.1, 8.0, SKS, 4, TW0152
0.0, 1.0, 0.1, 0.1, 8.0, SKS, 4, TW0153
0.0, 1.0, 0.1, 0.1, 8.0, SKS, 4, TW0154
0.0, 1.0, 0.1, 0.1, 8.0, SKS, 4, TW0155
0.0, 1.0, 0.1, 0.1, 8.0, SKS, 4, TW0156
0.0, 1.0, 0.1, 0.1, 8.0, SKS, 4, TW0157
0.0, 1.0, 0.1, 0.1, 8.0, SKS, 4, TW0158
0.0, 1.0, 0.1, 0.1, 8.0, SKS, 4, TW0159
0.0, 1.0, 0.1, 0.1, 8.0, SKS, 4, TW0160
0.0, 1.0, 0.1, 0.1, 8.0, SKS, 4, TW0161
0.0, 1.0, 0.1, 0.1, 8.0, SKS, 4, TW0162
0.0, 1.0, 0.1, 0.1, 8.0, SKS, 4, TW0163
0.0, 1.0, 0.1, 0.1, 8.0, SKS, 4, TW0164
0.0, 1.0, 0.1, 0.1, 8.0, SKS, 4, TW0165
0.0, 1.0, 0.1, 0.1, 8.0, SKS, 4, TW0166
0.0, 1.0, 0.1, 0.1, 8.0, SKS, 4, TW0167
0.0, 1.0, 0.1, 0.1, 8.0, SKS, 4, TW0168
0.0, 1.0, 0.1, 0.1, 8.0, SKS, 4, TW0169
0.0, 1.0, 0.1, 0.1, 8.0, SKS, 4, TW0170
0.0, 1.0, 0.1, 0.1, 8.0, SKS, 4, TW0171
0.0, 1.0, 0.1, 0.1, 8.0, SKS, 4, TW0172
0.0, 1.0, 0.1, 0.1, 8.0, SKS, 4, TW0173
0.0, 1.0, 0.1, 0.1, 8.0, SKS, 4, TW0174
0.0, 1.0, 0.1, 0.1, 8.0, SKS, 4, TW0175
0.0, 1.0, 0.1, 0.1, 8.0, SKS, 4, TW0176
0.0, 1.0, 0.1, 0.1, 8.0, SKS, 4, TW0177
0.0, 1.0, 0.1, 0.1, 8.0, SKS, 4, TW0178
0.0, 1.0, 0.1, 0.1, 8.0, SKS, 4, TW0179
0.0, 1.0, 0.1, 0.1, 8.0, SKS, 4, TW0180
0.0, 1.0, 0.1, 0.1, 8.0, SKS, 4, TW0181
0.0, 1.0, 0.1, 0.1, 8.0, SKS, 4, TW0182
0.0, 1.0, 0.1, 0.1, 8.0, SKS, 4, TW0183
0.0, 1.0, 0.1, 0.1, 8.0, SKS, 4, TW0184
0.0, 1.0, 0.1, 0.1, 8.0, SKS, 4, TW0185
0.0, 1.0, 0.1, 0.1, 8.0, SKS, 4, TW0186
0.0, 1.0, 0.1, 0.1, 8.0, SKS, 4, TW0187
0.0, 1.0, 0.1, 0.1, 8.0, SKS, 4, TW0188
0.0, 1.0, 0.1, 0.1, 8.0, SKS, 4, TW0189
0.0, 1.0, 0.1, 0.1, 8.0, SKS, 4, TW0190
0.0, 1.0, 0.1, 0.1, 8.0, SKS, 4, TW0191
0.0, 1.0, 0.1, 0.1, 8.0, SKS, 4, TW0192
0.0, 1.0, 0.1, 0.1, 8.0, SKS, 4, TW0193
0.0, 1.0, 0.1, 0.1, 8.0, SKS, 4, TW0194
0.0, 1.0, 0.1, 0.1, 8.0, SKS, 4, TW0195
0.0, 1.0, 0.1, 0.1, 8.0, SKS, 4, TW0196
0.0, 1.0, 0.1, 0.1, 8.0, SKS, 4, TW0197
0.0, 1.0, 0.1, 0.1, 8.0, SKS, 4, TW0198
0.0, 1.0, 0.1, 0.1, 8.0, SKS, 4, TW0199
0.0, 1.0, 0.1, 0.1, 8.0, SKS, 4, TW0200
0.0, 1.0, 0.1, 0.1, 8.0, SKS, 4, TW0201
0.0, 1.0, 0.1, 0.1, 8.0, SKS, 4, TW0202
0.0, 1.0, 0.1, 0.1, 8.0, SKS, 4, TW0203
0.0, 1.0, 0.1, 0.1, 8.0, SKS, 4, TW0204
0.0, 1.0, 0.1, 0.1, 8.0, SKS, 4, TW0205
0.0, 1.0, 0.1, 0.1, 8.0, SKS, 4, TW0206
0.0, 1.0, 0.1, 0.1, 8.0, SKS, 4, TW0207
0.0, 1.0, 0.1, 0.1, 8.0, SKS, 4, TW0208
0.0, 1.0, 0.1, 0.1, 8.0, SKS, 4, TW0209
0.0, 1.0, 0.1, 0.1, 8.0, SKS, 4, TW0210
0.0, 1.0, 0.1, 0.1, 8.0, SKS, 4, TW0211
0.0, 1.0, 0.1, 0.1, 8.0, SKS, 4, TW0212
0.0, 1.0, 0.1, 0.1, 8.0, SKS, 4, TW0213
0.0, 1.0, 0.1, 0.1, 8.0, SKS, 4, TW0214
0.0, 1.0, 0.1, 0.1, 8.0, SKS, 4, TW0215
0.0, 1.0, 0.1, 0.1, 8.0, SKS, 4, TW0216
0.0, 1.0, 0.1, 0.1, 8.0, SKS, 4, TW0217
0.0, 1.0, 0.1, 0.1, 8.0, SKS, 4, TW0218
0.0, 1.0, 0.1, 0.1, 8.0, SKS, 4, TW0219
0.0, 1.0, 0.1, 0.1, 8.0, SKS, 4, TW0220
0.0, 1.0, 0.1, 0.1, 8.0, SKS, 4, TW0221
0.0, 1.0, 0.1, 0.1, 8.0, SKS, 4, TW0222
0.0, 1.0, 0.1, 0.1, 8.0, SKS, 4, TW0223
0.0, 1.0, 0.1, 0.1, 8.0, SKS, 4, TW0224
0.0, 1.0, 0.1, 0.1, 8.0, SKS, 4, TW0225
0.0, 1.0, 0.1, 0.1, 8.0, SKS, 4, TW0226
0.0, 1.0, 0.1, 0.1, 8.0, SKS, 4, TW0227
0.0, 1.0, 0.1, 0.1, 8.0, SKS, 4, TW0228
0.0, 1.0, 0.1, 0.1, 8.0, SKS, 4, TW0229
0.0, 1.0, 0.1, 0.1, 8.0, SKS, 4, TW0230
0.0, 1.0, 0.1, 0.1, 8.0, SKS, 4, TW0231
0.0, 1.0, 0.1, 0.1, 8.0, SKS, 4, TW0232
0.0, 1.0, 0.1, 0.1, 8.0, SKS, 4, TW0233
0.0, 1.0, 0.1, 0.1, 8.0, SKS, 4, TW0234
0.0, 1.0, 0.1, 0.1, 8.0, SKS, 4, TW0235
0.0, 1.0, 0.1, 0.1, 8.0, SKS, 4, TW0236
0.0, 1.0, 0.1, 0.1, 8.0, SKS, 4, TW0237
0.0, 1.0, 0.1, 0.1, 8.0, SKS, 4, TW0238
0.0, 1.0, 0.1, 0.1, 8.0, SKS, 4, TW0239
0.0, 1.0, 0.1, 0.1, 8.0, SKS, 4, TW0240
0.0, 1.0, 0.1, 0.1, 8.0, SKS, 4, TW0241
0.0, 1.0, 0.1, 0.1, 8.0, SKS, 4, TW0242
0.0, 1.0, 0.1, 0.1, 8.0, SKS, 4, TW0243
0.0, 1.0, 0.1, 0.1, 8.0, SKS, 4, TW0244
0.0, 1.0, 0.1, 0.1, 8.0, SKS, 4, TW0245
0.0, 1.0, 0.1, 0.1, 8.0, SKS, 4, TW0246
0.0, 1.0, 0.1, 0.1, 8.0, SKS, 4, TW0247
0.0, 1.0, 0.1, 0.1, 8.0, SKS, 4, TW0248
0.0, 1.0, 0.1, 0.1, 8.0, SKS, 4, TW0249
0.0, 1.0, 0.1, 0.1, 8.0, SKS, 4, TW0250
0.0, 1.0, 0.1, 0.1, 8.0, SKS, 4, TW0251
0.0, 1.0, 0.1, 0.1, 8.0, SKS, 4, TW0252
0.0, 1.0, 0.1, 0.1, 8.0, SKS, 4, TW0253
0.0, 1.0, 0.1, 0.1, 8.0, SKS, 4, TW0254
0.0, 1.0, 0.1, 0.1, 8.0, SKS, 4, TW0255
0.0, 1.0, 0.1, 0.1, 8.0, SKS, 4, TW0256
0.0, 1.0, 0.1, 0.1, 8.0, SKS, 4, TW0257
0.0, 1.0, 0.1, 0.1, 8.0, SKS, 4, TW0258
0.0, 1.0, 0.1, 0.1, 8.0, SKS, 4, TW0259
0.0, 1.0, 0.1, 0.1, 8.0, SKS, 4, TW0260
0.0, 1.0, 0.1, 0.1, 8.0, SKS, 4, TW0261
0.0, 1.0, 0.1, 0.1, 8.0, SKS, 4, TW0262
0.0, 1.0, 0.1, 0.1, 8.0, SKS, 4, TW0263
0.0, 1.0, 0.1, 0.1, 8.0, SKS, 4, TW0264
0.0, 1.0, 0.1, 0.1, 8.0, SKS, 4, TW0265
0.0, 1.0, 0.1, 0.1, 8.0, SKS, 4, TW0266
0.0, 1.0, 0.1, 0.1, 8.0, SKS, 4, TW0267
0.0, 1.0, 0.1, 0.1, 8.0, SKS, 4, TW0268
0.0, 1.0, 0.1, 0.1, 8.0, SKS, 4, TW0269
0.0, 1.0, 0.1, 0.1, 8.0, SKS, 4, TW0270
0.0, 1.0, 0.1, 0.1, 8.0, SKS, 4, TW0271
0.0, 1.0, 0.1, 0.1, 8.0, SKS, 4, TW0272
0.0, 1.0, 0.1, 0.1, 8.0, SKS, 4, TW0273
0.0, 1.0, 0.1, 0.1, 8.0, SKS, 4, TW0274
0.0, 1.0, 0.1, 0.1, 8.0, SKS, 4, TW0275
0.0, 1.0, 0.1, 0.1, 8.0, SKS, 4, TW0276
0.0, 1.0, 0.1, 0.1, 8.0, SKS, 4, TW0277
0.0, 1.0, 0.1, 0.1, 8.0, SKS, 4, TW0278
0.0, 1.0, 0.1, 0.1, 8.0, SKS, 4, TW0279
0.0, 1.0, 0.1, 0.1, 8.0, SKS, 4, TW0280
0.0, 1.0, 0.1, 0.1, 8.0, SKS, 4, TW0281
0.0, 1.0, 0.1, 0.1, 8.0, SKS, 4, TW0282
0.0, 1.0, 0.1, 0.1, 8.0, SKS, 4, TW0283
0.0, 1.0, 0.1, 0.1, 8.0, SKS, 4, TW0284
0.0, 1.0, 0.1, 0.1, 8.0, SKS, 4, TW0285
0.0, 1.0, 0.1, 0.1, 8.0, SKS, 4, TW0286
0.0, 1.0, 0.1, 0.1, 8.0, SKS, 4, TW0287
0.0, 1.0, 0.1, 0.1, 8.0, SKS, 4, TW0288
0.0, 1.0, 0.1, 0.1, 8.0, SKS, 4, TW0289
0.0, 1.0, 0.1, 0.1, 8.0, SKS, 4, TW0290
0.0, 1.0, 0.1, 0.1, 8.0, SKS, 4, TW0291
0.0, 1.0, 0.1, 0.1, 8.0, SKS, 4, TW0292
0.0, 1.0, 0.1, 0.1, 8.0, SKS, 4, TW0293
0.0, 1.0, 0.1, 0.1, 8.0, SKS, 4, TW0294
0.0, 1.0, 0.1, 0.1, 8.0, SKS, 4, TW0295
0.0, 1.0, 0.1, 0.1, 8.0, SKS, 4, TW0296
0.0, 1.0, 0.1, 0.1, 8.0, SKS, 4, TW0297
0.0, 1.0, 0.1, 0.1, 8.0, SKS, 4, TW0298
0.0, 1.0, 0.1, 0.1, 8.0, SKS, 4, TW0299
0.0, 1.0, 0.1, 0.1, 8.0, SKS, 4, TW0300
0.0, 1.0, 0.1, 0.1, 8.0, SKS, 4, TW0301
0.0, 1.0, 0.1, 0.1, 8.0, SKS, 4, TW0302
0.0, 1.0, 0.1, 0.1, 8.0, SKS, 4, TW0303
0.0, 1.0, 0.1, 0.1, 8.0, SKS, 4, TW0304
0.0, 1.0, 0.1, 0.1, 8.0, SKS, 4, TW0305
0.0, 1.0, 0.1, 0.1, 8.0, SKS, 4, TW0306
0.0, 1.0, 0.1, 0.1, 8.0, SKS, 4, TW0307
0.0, 1.0, 0.1, 0.1, 8.0, SKS, 4, TW0308
0.0, 1.0, 0.1, 0.1, 8.0, SKS, 4, TW0309
0.0, 1.0, 0.1, 0.1, 8.0, SKS, 4, TW0310
0.0, 1.0, 0.1, 0.1, 8.0, SKS, 4, TW0311
0.0, 1.0, 0.1, 0.1, 8.0, SKS, 4, TW0312
0.0, 1.0, 0.1, 0.1, 8.0, SKS, 4, TW0313
0.0, 1.0, 0.1, 0.1, 8.0, SKS, 4, TW0314
0.0, 1.0, 0.1, 0.1, 8.0, SKS, 4, TW0315
0.0, 1.0, 0.1, 0.1, 8.0, SKS, 4, TW0316
0.0, 1.0, 0.1, 0.1, 8.0, SKS, 4, TW0317
0.0, 1.0, 0.1, 0.1, 8.0, SKS, 4, TW0318
0.0, 1.0, 0.1, 0.1, 8.0, SKS, 4, TW0319
0.0, 1.0, 0.1, 0.1, 8.0, SKS, 4, TW0320
0.0, 1.0, 0.1, 0.1, 8.0, SKS, 4, TW0321
0.0, 1.0, 0.1, 0.1, 8.0, SKS, 4, TW0322
0.0, 1.0, 0.1, 0.1, 8.0, SKS, 4, TW0323
0.0, 1.0, 0.1, 0.1, 8.0, SKS, 4, TW0324
0.0, 1.0, 0.1, 0.1, 8.0, SKS, 4, TW0325
0.0, 1.0, 0.1, 0.1, 8.0, SKS, 4, TW0326
0.0, 1.0, 0.1, 0.1, 8.0, SKS, 4, TW0327
0.0, 1.0, 0.1, 0.1, 8.0, SKS, 4, TW0328
0.0, 1.0, 0.1, 0.1, 8.0, SKS, 4, TW0329
0.0, 1.0, 0.1, 0.1, 8.0, SKS, 4, TW0330
0.0, 1.0, 0.1, 0.1, 8.0, SKS, 4, TW0331
0.0, 1.0, 0.1, 0.1, 8.0, SKS, 4, TW0332
0.0, 1.0, 0.1, 0.1, 8.0, SKS, 4, TW0333
0.0, 1.0, 0.1, 0.1, 8.0, SKS, 4, TW0334
0.0, 1.0, 0.1, 0.1, 8.0, SKS, 4, TW0335
0.0, 1.0, 0.1, 0.1, 8.0, SKS, 4, TW0336
0.0, 1.0, 0.1, 0.1, 8.0, SKS, 4, TW0337
0.0, 1.0, 0.1, 0.1, 8.0, SKS, 4, TW0338
0.0, 1.0, 0.1, 0.1, 8.0, SKS, 4, TW0339
0.0, 1.0, 0.1, 0.1, 8.0, SKS, 4, TW0340
0.0, 1.0, 0.1, 0.1, 8.0, SKS, 4, TW0341
0.0, 1.0, 0.1, 0.1, 8.0, SKS, 4, TW0342
0.0, 1.0, 0.1, 0.1, 8.0, SKS, 4, TW0343
0.0, 1.0, 0.1, 0.1, 8.0, SKS, 4, TW0344
0.0, 1.0, 0.1, 0.1, 8.0, SKS, 4, TW0345
0.0, 1.0, 0.1, 0.1, 8.0, SKS, 4, TW0346
0.0, 1.0, 0.1, 0.1, 8.0, SKS, 4, TW0347
0.0, 1.0, 0.1, 0.1, 8.0, SKS, 4, TW0348
0.0, 1.0, 0.1, 0.1, 8.0, SKS, 4, TW0349
0.0, 1.0, 0.1, 0.1, 8.0, SKS, 4, TW0350
0.0, 1.0, 0.1, 0.1, 8.0, SKS, 4, TW0351
0.0, 1.0, 0.1, 0.1, 8.0, SKS, 4, TW0352
0.0, 1.0, 0.1, 0.1, 8.0, SKS, 4, TW0353
0.0, 1.0, 0.1, 0.1, 8.0, SKS, 4, TW0354
0.0, 1.0, 0.1, 0.1, 8.0, SKS, 4, TW0355
0.0, 1.0, 0.1, 0.1, 8.0, SKS, 4, TW0356
0.0, 1.0, 0.1, 0.1, 8.0, SKS, 4, TW0357
0.0, 1.0, 0.1, 0.1, 8.0, SKS, 4, TW0358
0.0, 1.0, 0.1, 0.1, 8.0, SKS, 4, TW0359
0.0, 1.0, 0.1, 0.1, 8.0, SKS, 4, TW0360
0.0, 1.0, 0.1, 0.1, 8.0, SKS, 4, TW0361
0.0, 1.0, 0.1, 0.1, 8.0, SKS, 4, TW0362
0.0, 1.0, 0.1, 0.1, 8.0, SKS, 4, TW0363
0.0, 1.0, 0.1, 0.1, 8.0, SKS, 4, TW0364
0.0, 1.0, 0.1, 0.1, 8.0, SKS, 4, TW0365
0.0, 1.0, 0.1, 0.1, 8.0, SKS, 4, TW0366
0.0, 1.0, 0.1, 0.1, 8.0, SKS, 4, TW0367
0.0, 1.0, 0.1, 0.1, 8.0, SKS, 4, TW0368
0.0, 1.0, 0.1, 0.1, 8.0, SKS, 4, TW0369
0.0, 1.0, 0.1, 0.1, 8.0, SKS, 4, TW0370
0.0, 1.0, 0.1, 0.1, 8.0, SKS, 4, TW0371
0.0, 1.0, 0.1, 0.1, 8.0, SKS, 4, TW0372
0.0, 1.0, 0.1, 0.1, 8.0, SKS, 4, TW0373
0.0, 1.0, 0.1, 0.1, 8.0, SKS, 4, TW0374
0.0, 1.0, 0.1, 0.1, 8.0, SKS, 4, TW0375
0.0, 1.0, 0.1, 0.1, 8.0, SKS, 4, TW0376
0.0, 1.0, 0.1, 0.1, 8.0, SKS, 4, TW0377
0.0, 1.0, 0.1, 0.1, 8.0, SKS, 4, TW0378
0.0, 1.0, 0.1, 0.1, 8.0, SKS, 4, TW0379
0.0, 1.0, 0.1, 0.1, 8.0, SKS, 4, TW0380
0.0, 1.0, 0.1, 0.1, 8.0, SKS, 4, TW0381
0.0, 1.0, 0.1, 0.1, 8.0, SKS, 4, TW0382
0.0, 1.0, 0.1, 0.1, 8.0, SKS, 4, TW0383
0.0, 1.0, 0.1, 0.1, 8.0, SKS, 4, TW0384
0.0, 1.0, 0.1, 0.1, 8.0, SKS, 4, TW0385
0.0, 1.0, 0.1, 0.1, 8.0, SKS, 4, TW0386
0.0, 1.0, 0.1, 0.1, 8.0, SKS, 4, TW0387
0.0, 1.0, 0.1, 0.1, 8.0, SKS, 4, TW0388
0.0, 1.0, 0.1, 0.1, 8.0, SKS, 4, TW0389
0.0, 1.0, 0.1, 0.1, 8.0, SKS, 4, TW0390
0.0, 1.0, 0.1, 0.1, 8.0, SKS, 4, TW0391
0.0, 1.0, 0.1, 0.1, 8.0, SKS, 4, TW0392
0.0, 1.0, 0.1, 0.1, 8.0, SKS, 4, TW0393
0.0, 1.0, 0.1, 0.1, 8.0, SKS, 4, TW0394
0.0, 1.0, 0.1, 0.1, 8.0, SKS, 4, TW0395
0.0, 1.0, 0.1, 0.1, 8.0, SKS, 4, TW0396
0.0, 1.0, 0.1, 0.1, 8.0, SKS, 4, TW0397
0.0, 1.0, 0.1, 0.1, 8.0, SKS, 4, TW0398
0.0, 1.0, 0.1, 0.1, 8.0, SKS, 4, TW0399
0.0, 1.0, 0.1, 0.1, 8.0, SKS, 4, TW0400
0.0, 1.0, 0.1, 0.1, 8.0, SKS, 4, TW0401
0.0, 1.0, 0.1, 0.1, 8.0, SKS, 4, TW0402
0.0, 1.0, 0.1, 0.1, 8.0, SKS, 4, TW0403
0.0, 1.0, 0.1, 0.1, 8.0, SKS, 4, TW0404
0.0, 1.0, 0.1, 0.1, 8.0, SKS, 4, TW0405
0.0, 1.0, 0.1, 0.1, 8.0, SKS, 4, TW0406
0.0, 1.0, 0.1, 0.1, 8.0, SKS, 4, TW0407
0.0, 1.0, 0.1, 0.1, 8.0, SKS, 4, TW0408
0.0, 1.0, 0.1, 0.1, 8.0, SKS, 4, TW0409
0.0, 1.0, 0.1, 0.1, 8.0, SKS, 4, TW0410
0.0, 1.0, 0.1, 0.1, 8.0, SKS, 4, TW0411
0.0, 1.0, 0.1, 0.1, 8.0, SKS, 4, TW0412
0.0, 1.0, 0.1, 0.1, 8.0, SKS, 4, TW0413
0.0, 1.0, 0.1, 0.1, 8.0, SKS, 4, TW0414
0.0, 1.0, 0.1, 0.1, 8.0, SKS, 4, TW0415
0.0, 1.0, 0.1, 0.1, 8.0, SKS, 4, TW0416
0.0, 1.0, 0.1, 0.1, 8.0, SKS, 4, TW0417
0.0, 1.0, 0.1, 0.1, 8.0, SKS, 4, TW0418
0.0, 1.0, 0.1, 0.1, 8.0, SKS, 4, TW0419
0.0, 1.0, 0.1, 0.1, 8.0, SKS, 4, TW0420
0.0, 1.0, 0.1, 0.1, 8.0, SKS, 4, TW0421
0.0, 1.0, 0.1, 0.1, 8.0, SKS, 4, TW0422
0.0, 1.0, 0.1, 0.1, 8.0, SKS, 4, TW0423
0.0, 1.0, 0.1, 0.1, 8.0, SKS, 4, TW0424
0.0, 1.0, 0.1, 0.1, 8.0, SKS, 4, TW0425
0.0, 1.0, 0.1, 0.1, 8.0, SKS, 4, TW0426
0.0, 1.0, 0.1, 0.1, 8.0, SKS, 4, TW0427
0.0, 1.0, 0.1, 0.1, 8.0, SKS, 4, TW0428
0.0, 1.0, 0.1, 0.1, 8.0, SKS, 4, TW0429
0.0, 1.0, 0.1, 0.1, 8.0, SKS, 4, TW0430
0.0, 1.0, 0.1, 0.1, 8.0, SKS, 4, TW0431
0.0, 1.0, 0.1, 0.1, 8.0, SKS, 4, TW0432
0.0, 1.0, 0.1, 0.1, 8.0, SKS, 4, TW0433
0.0, 1.0, 0.1, 0.1, 8.0, SKS, 4, TW0434
0.0, 1.0, 0.1, 0.1, 8.0, SKS, 4, TW0435
0.0, 1.0, 0.1, 0.1, 8.0, SKS, 4, TW0436
0.0, 1.0, 0.1, 0.1, 8.0, SKS, 4, TW0437
0.0, 1.0, 0.1, 0.1, 8.0, SKS, 4, TW0438
0.0, 1.0, 0.1, 0.1, 8.0, SKS, 4, TW0439
0.0, 1.0, 0.1, 0.1, 8.0, SKS, 4, TW0440
0.0, 1.0, 0.1, 0.1, 8.0, SKS, 4, TW0441
0.0, 1.0, 0.1, 0.1, 8.0, SKS, 4, TW0442
0.0, 1.0, 0.1, 0.1, 8.0, SKS, 4, TW0443
0.0, 1.0, 0.1, 0.1, 8.0, SKS, 4, TW0444
0.0, 1.0, 0.1, 0.1, 8.0, SKS, 4, TW0445
0.0, 1.0, 0.1, 0.1, 8.0, SKS, 4, TW0446
0.0, 1.0, 0.1, 0.1, 8.0, SKS, 4, TW0447
0.0, 1.0, 0.1, 0.1, 8.0, SKS, 4, TW0448
0.0, 1.0, 0.1, 0.1, 8.0, SKS, 4, TW0449
0.0, 1.0, 0.1, 0.1, 8.0, SKS, 4, TW0450
0.0, 1.0, 0.1, 0.1, 8.0, SKS, 4, TW0451
0.0, 1.0, 0.1, 0.1, 8.0, SKS, 4, TW0452
0.0, 1.0, 0.1, 0.1, 8.0, SKS, 4, TW0453
0.0, 1.0, 0.1, 0.1, 8.0, SKS, 4, TW0454
0.0, 1.0, 0.1, 0.1, 8.0, SKS, 4, TW0455
0.0, 1.0, 0.1, 0.1, 8.0, SKS, 4, TW0456
0.0, 1.0, 0.1, 0.1, 8.0, SKS, 4, TW0457
0.0, 1.0, 0.1, 0.1, 8.0, SKS, 4, TW0458
0.0, 1.0, 0.1, 0.1, 8.0, SKS, 4, TW0459
0.0, 1.0, 0.1, 0.1, 8.0, SKS, 4, TW0460
0.0, 1.0, 0.1, 0.1, 8.0, SKS, 4, TW0461
0.0, 1.0, 0.1, 0.1, 8.0, SKS, 4, TW0462
0.0, 1.0, 0.1, 0.1, 8.0, SKS, 4, TW0463
0.0, 1.0, 0.1, 0.1, 8.0, SKS, 4, TW0464
0.0, 1.0, 0.1, 0.1, 8.0, SKS, 4, TW0465
0.0, 1.0, 0.1, 0.1, 8.0, SKS, 4, TW0466
0.0, 1.0, 0.1, 0.1, 8.0, SKS, 4, TW0467
0.0, 1.0, 0.1, 0.1, 8.0, SKS, 4, TW0468
0.0, 1.0, 0.1, 0.1, 8.0, SKS, 4, TW0469
0.0, 1.0, 0.1, 0.1, 8.0, SKS, 4, TW0470
0.0, 1.0, 0.1, 0.1, 8.0, SKS, 4, TW0471
0.0, 1.0, 0.1, 0.1, 8.0, SKS, 4, TW0472
0.0, 1.0, 0.1, 0.1, 8.0, SKS, 4, TW0473
0.0, 1.0, 0.1, 0.1, 8.0, SKS, 4, TW0474
0.0, 1.0, 0.1, 0.1, 8.0, SKS, 4, TW0475
0.0, 1.0, 0.1, 0.1, 8.0, SKS, 4, TW0476
0.0, 1.0, 0.1, 0.1, 8.0, SKS, 4, TW0477
0.0, 1.0, 0.1, 0.1, 8.0, SKS, 4, TW0478
0.0, 1.0, 0.1, 0.1, 8.0, SKS, 4, TW0479
0.0, 1.0, 0.1, 0.1, 8.0, SKS, 4, TW0480
0.0, 1.0, 0.1, 0.1, 8.0, SKS, 4, TW0481
0.0, 1.0, 0.1, 0.1, 8.0, SKS, 4, TW0482
0.0, 1.0, 0.1, 0.1, 8.0, SKS, 4, TW0483
0.0, 1.0, 0.1, 0.1, 8.0, SKS, 4, TW0484
0.0, 1.0, 0.1, 0.1, 8.0, SKS, 4, TW0485
0.0, 1.0, 0.1, 0.1, 8.0, SKS, 4, TW0486
0.0, 1.0, 0.1, 0.1, 8.0, SKS, 4, TW0487
0.0, 1.0, 0.1, 0.1, 8.0, SKS, 4, TW0488
0.0, 1.0, 0.1, 0.1, 8.0, SKS, 4, TW0489
0.0, 1.0, 0.1, 0.1, 8.0, SKS, 4, TW0490
0.0, 1.0, 0.1, 0.1, 8.0, SKS, 4, TW0491
0.0, 1.0, 0.1, 0.1, 8.0, SKS, 4, TW0492
0.0, 1.0, 0.1, 0.1, 8.0, SKS, 4, TW0493
0.0, 1.0, 0.1, 0.1, 8.0, SKS, 4, TW0494
0.0, 1.0, 0.1, 0.1, 8.0, SKS, 4, TW0495
0.0, 1.0, 0.1, 0.1, 8.0, SKS, 4, TW0496
0.0, 1.0, 0.1, 0.1, 8.0, SKS, 4, TW0497
0.0, 1.0, 0.1, 0.1, 8.0, SKS, 4, TW0498
0.0, 1.0, 0.1, 0.1, 8.0, SKS, 4, TW0499
0.0, 1.0, 0.1, 0.1, 8.0, SKS, 4, TW0500
0.0, 1.0, 0.1, 0.1, 8.0, SKS, 4, TW0501
0.0, 1.0, 0.1, 0.1, 8.0, SKS, 4, TW0502
0.0, 1.0, 0.1, 0.1, 8.0, SKS, 4, TW0503
0.0, 1.0, 0.1, 0.1, 8.0, SKS, 4, TW0504
0.0, 1.0, 0.1, 0.1, 8.0, SKS, 4, TW0505
0.0, 1.0, 0.1, 0.1, 8.0, SKS, 4, TW0506
0.0, 1.0, 0.1, 0.1, 8.0, SKS, 4, TW0507
0.0, 1.0, 0.1, 0.1, 8.0, SKS, 4, TW0508
0.0, 1.0, 0.1, 0.1, 8.0, SKS, 4, TW0509
0.0, 1.0, 0.1, 0.1, 8.0, SKS, 4, TW0510
0.0, 1.0, 0.1, 0.1, 8.0, SKS, 4, TW0511
0.0, 1.0, 0.1, 0.1, 8.0, SKS, 4, TW0512
0.0, 1.0, 0.1, 0.1, 8.0, SKS, 4, TW0513
0.0, 1.0, 0.1, 0.1, 8.0, SKS, 4, TW0514
0.0, 1.0, 0.1, 0.1, 8.0, SKS, 4, TW0515
0.0, 1.0, 0.1, 0.1, 8.0, SKS, 4, TW0516
0.0, 1.0, 0.1, 0.1, 8.0, SKS, 4, TW0517
0.0, 1.0, 0.1, 0.1, 8.0, SKS, 4, TW0518
0.0, 1.0, 0.1, 0.1, 8.0, SKS, 4, TW0519
0.0, 1.0, 0.1, 0.1, 8.0, SKS, 4, TW0520
0.0, 1.0, 0.1, 0.1, 8.0, SKS, 4, TW0521
0.0, 1.0, 0.1, 0.1, 8.0, SKS, 4, TW0522
0.0, 1.0, 0.1, 0.1, 8.0, SKS, 4, TW0523
0.0, 1.0, 0.1, 0.1, 8.0, SKS, 4, TW0524
0.0, 1.0, 0.1, 0.1, 8.0, SKS, 4, TW0525
